88,15,-75,-30,69,68,-92,-73,-63,-63,-21,57,93,48,-34,92,-36,10,83,-14,-90,34,33,-77
12.757600236558488,-28.664266728437838,-47.976375848198835,-31.554823183474696,-43.56421634358827,-2.2701379948698417,12.967112414980974,-27.75720818450568,-47.86297015486417,-31.375063847066226,-43.65170277823723,2.422201216731267,1.6066177062701144,4.698558799003038,-49.45494612386972,-9.706715963956924,-48.53569419868065,-39.533921678410785,-3.0766373328596472,5.234056898007978,-49.49610869327443,-10.051066930779044,-48.336022613642285,-38.902784594953744
15.562116168528561,-37.08150758661693,-49.52334756864099,-18.857677395416076,-47.2875528898428,14.782079500724905,14.495898740795653,-37.63753159577235,-49.53979761895225,-17.884852789207855,-47.87096970380658,16.063499294639698,-3.1132338981708756,-31.78315871075775,-39.357216818314015,-32.38592853389652,-48.38381825805376,-44.07886383049712,-6.973516234944626,-28.879922469451138,-39.6406989899165,-33.600201494975266,-48.320574545435456,-42.79099315813326
8.603442759618048,-47.86265966831055,-47.37066027955953,-6.82270072348966,-46.88555814809711,4.474833897833001,8.832485053686554,-47.61825245251102,-47.09204535691373,-7.857585156089321,-47.601329221506774,6.488868187267954,4.607675370913391,-45.74374835591029,-15.845587373977132,-26.528007380627745,-45.950111111648425,-40.36982369534032,1.8418818202831346,-44.424736409747766,-16.532163942182535,-27.969046140254026,-45.818638698442484,-39.004447495683976
-9.849838242735139,-49.706030559867834,-40.54161732527058,6.194929359708901,-46.27725553382904,-6.315142450929507,-11.091143722028988,-49.59577516089446,-39.117836136835635,4.341419190211411,-46.99408283687913,-6.323857962957824,15.8212506431435,-47.27190997697927,2.156132595644223,-9.88848609213693,-34.21126305272182,-37.65770677069082,14.849021233561743,-46.22581794256129,-1.121694127888098,-10.293493968312731,-34.379080586575526,-37.35206303249405
-15.637020777004224,-49.684981011763355,-35.81463290986005,-2.299118483672622,-42.595504223635096,-28.30418436157208,-15.699289428356686,-49.624463637368365,-36.166307879022824,-3.621164900441478,-43.69380298358943,-32.210141001649376,17.777034219060056,-42.07899074629637,-8.463293823288026,8.163627105711143,-26.650745414679584,-42.545070513242756,18.522694209999216,-41.11365053033168,-8.724576767942686,8.676740453273297,-25.81492714571708,-42.36397600151312
-8.425797499050503,-48.915086419340156,-37.686459830985626,-17.9600267115028,-34.18242131649221,-44.27921772816244,-7.727105673194998,-48.939300726901166,-38.12393864094584,-18.50536470467812,-35.81988538396951,-45.414605339764044,10.119834272236254,-31.322168412685677,-26.134836235820615,15.242056254002108,-21.17829582049012,-44.2518504929187,11.77806280372846,-31.78673039728921,-24.117304380261952,15.108511041001691,-20.271663523553013,-44.18847948172993
4.773493677308821,-45.70451026488304,-42.36039262866021,-27.246821493302832,-31.089241511011856,-45.12918389569123,4.173234454488693,-45.716112992283364,-42.07588390661765,-26.866505134538194,-31.831233478114967,-45.38858187055908,3.129203056478893,-23.732584397160316,-35.06815424683133,14.19608726150176,-21.189428138765336,-39.010000503608886,2.8271359789432466,-21.879406705610908,-35.11043490563764,13.659772681361645,-20.676451784453143,-38.93744431051592
15.256417936334145,-39.62948312002786,-45.8915061178571,-30.116603084564915,-34.662706584341336,-42.65826118156726,14.707190065279889,-39.13974153353152,-45.94882783539444,-29.426370208106082,-36.378056716903615,-42.29348631133743,-0.9516627611910025,-18.344882056211986,-41.96826001587945,13.009821405009532,-31.380123870700647,-29.337209066182773,-1.3003132083907474,-16.61694004953418,-42.010745797720894,11.21412722153454,-30.958895585354867,-28.207307614944256
16.324291120782263,-31.934214377051962,-47.89457076235125,-25.309380976230763,-45.28100809391688,-39.13726690761142,16.47344281285676,-31.074070671840396,-48.08445229403306,-24.72073821490174,-45.84251312001643,-38.81491532743101,4.348640890112904,-16.820694572217192,-45.230830705279985,5.668012335786095,-46.112089315276485,-22.516387619999612,4.776460435377665,-17.366715207161704,-45.04740702381247,4.002067836455517,-45.68854440141254,-20.7782294030159
10.353879818079875,-33.283561563083694,-46.54688027706685,-11.421952142482446,-49.314510090907845,-40.720983539794695,9.77946566467373,-33.39514737245577,-46.41279187805714,-10.604643735257298,-49.37627674486764,-40.14362436567865,12.776534373150227,-31.657128521943434,-43.09956900093659,-9.07312173370979,-48.7571791279422,-26.01508888027372,12.319368374350901,-30.945380098516214,-43.273758062971424,-10.34191583666886,-48.63631958479614,-25.842156763109422
3.26181813460628,-43.50463708579923,-44.89635681127422,6.2163390510763605,-49.124203112519155,-41.2308553320753,4.202179673402888,-43.59332962923643,-44.73509107323473,6.68635497295152,-49.25672180291218,-39.98789006635189,18.56178181568626,-44.52687591052165,-42.13522274838796,-19.42995415857823,-46.681232380555485,-25.206387348942975,18.692756418837007,-44.40281980058116,-42.297972391514016,-19.355348197398264,-47.00811255425706,-24.655998964057293
-3.16440443553784,-49.363185257264604,-43.79695850850491,19.772017150560657,-46.063893398430984,-39.89717790496118,-1.440326580362381,-49.335413691682696,-43.94260130458815,19.671311613368005,-46.848737506528515,-39.007510205877495,21.8159238053113,-49.10663747852367,-44.9477248461109,-16.428071885712328,-37.05411421144632,-18.434857521354555,22.394186826282365,-49.07710452091366,-44.91752910873119,-15.72096104861567,-38.968013822344304,-16.497610335437635
-6.2482189420653995,-49.70624844828661,-45.170147203478706,21.562352973039452,-39.586311442131745,-38.20452333694348,-5.103362199714326,-49.680402088312434,-44.9542949483638,20.878759597350665,-40.38350801443412,-37.29707600742865,20.951847451395565,-49.64311067578967,-47.917427456810536,-11.903372667562365,-24.825801891293192,-10.49971362092564,21.58340194714758,-49.618003546985385,-47.97975686291363,-9.536548887561942,-26.977149200796113,-9.219035731734955
-7.487696840659126,-49.53506887843561,-45.69026778655877,15.808039907844403,-33.743571152336685,-36.77144374407763,-7.565409440350834,-49.47316021878669,-45.10953803702779,14.704119559398677,-33.19783072106799,-36.27253567198411,15.928968914728586,-49.63558726839873,-48.63925925994537,-6.548943142148538,-19.34389956113945,-6.603136367600115,16.277833167774986,-49.56810616331975,-48.732345756681276,-3.560949084843287,-19.724966894522886,-5.1934005416680336
-3.4678900170632048,-49.15426627133601,-44.363144664964075,4.234723831076508,-31.035779002235017,-37.98054832398524,-3.783876384286785,-49.04871937111965,-43.88836813726619,3.128185366309893,-30.375969818190956,-38.320907137333876,5.803007430321244,-49.168435105561116,-48.58868756356376,3.9159514398089783,-19.471578683640516,-7.258053782635372,6.596801803500583,-49.05186071546348,-48.71751326702072,5.48690561050519,-19.16029683609445,-6.507573556389559
4.991000261157993,-47.640639107649,-42.37673253544473,-10.158685161820316,-33.09891614967305,-41.99518951517968,5.002030774507588,-47.49792206828518,-42.11884034556423,-10.08885637987894,-32.70765200494118,-42.35310468434745,-6.223051612914915,-46.953968231454645,-47.71481647489554,15.263016460378765,-23.348076081045015,-6.457802192475512,-4.499150159263934,-46.77721325735371,-47.88205677628294,14.714834861749054,-23.89656891073391,-6.960042227227568
9.417898686721358,-41.99534778832768,-41.497429770648395,-20.008802359898716,-38.44423438714474,-45.8819907263074,9.360484229209824,-41.84263703575762,-41.36330177293721,-18.86850131368138,-38.272738944219924,-45.99773708771813,-10.469623026334048,-40.67832625977292,-45.274969247900536,20.786489140885905,-33.48143522715256,0.9766826760791218,-8.330018782971607,-40.24027759391799,-45.35684300466997,19.216820074513777,-34.43277810287562,-0.08872607270694743
4.835633564815602,-31.20973534425554,-40.8429297362011,-23.263393273853616,-45.35889216561317,-47.51577091106005,4.743684973543914,-31.739652641386474,-40.58697104084106,-23.34268163922332,-45.26867071505684,-47.71946163219856,-4.643752611147967,-33.27338308861385,-43.638754904027905,20.776223674210698,-46.27581297195391,4.844468636059311,-3.987525501863267,-32.65105872066465,-43.74630625474161,19.53137413077431,-46.3784940644412,4.192075038877007
-8.890671509734247,-25.227632008839592,-40.20791681944081,-18.975603663081408,-48.335389671658895,-48.57715026473365,-11.151443919483611,-26.554604756979963,-38.649996928998945,-20.072061357666726,-48.25281511215018,-48.7895368251776,10.316844510428204,-32.17186944460147,-44.0999986109914,15.939504936015396,-48.980228858149836,4.71586755752935,9.565506344658019,-29.53856760663367,-44.487917775178445,14.654313695882081,-48.84000115178062,3.1697935004639817
-23.248235413945388,-25.341269008009213,-36.386954410845505,-14.684134875197714,-47.9589509759141,-48.818890663307215,-25.829082048512944,-26.381338749282563,-33.67901751986845,-14.793687808899065,-47.80686266096517,-48.96164112568454,18.075095767616617,-33.572837360918044,-46.27739664390741,10.905241772891713,-48.503976796923595,6.77507599874663,17.368429269017412,-29.76984775391157,-46.360753996152134,9.103679814248977,-48.2962309830601,6.422740724390806
-29.678613842766573,-26.796721435366372,-34.34887519877568,-13.322428437591846,-45.11399971418204,-48.23449492085608,-31.983861448021333,-28.41188363812632,-30.530745185309105,-13.172529777369306,-44.427396303672396,-48.46345690923417,17.2199781327688,-35.46150763088244,-47.11399543989492,7.601920580881824,-47.61267289762188,10.778851177927173,16.600380260270697,-31.184819266284663,-47.10573292637828,5.663484249508727,-47.487079618553395,11.004293257003965
-30.66322544646671,-29.086383217014475,-36.17384276772901,-14.308142794235955,-41.24827882305735,-47.45015394488232,-32.990786397444175,-30.979986104789834,-32.41232283478198,-14.43451191066574,-39.70769481100166,-47.856692596943894,13.068107964906794,-37.89565763057492,-46.57857689728622,5.4573217620615395,-47.25439139325434,14.039859795746693,12.379622698503113,-33.863590211852355,-46.63046944263831,3.4251550179214334,-47.21947585047296,13.863306941888638
-30.00005747595726,-32.03797630101349,-38.63537641049021,-17.260985813336838,-38.11472555014525,-46.99110292859578,-32.39308265167105,-33.56097207032887,-35.63154034818742,-17.50969483974039,-36.01073279432033,-47.5400864414213,8.45142698794568,-39.675583013800406,-45.279741560430786,4.108632569222401,-47.373986217962184,15.58204702586464,7.8628149235908396,-36.08317481497019,-45.48223670115454,1.69526645168186,-47.3260562156138,14.897090069870117
-28.664744641494885,-34.39203802877108,-40.32594829451102,-21.06335290177679,-36.10781000526188,-46.818078227999955,-31.04228141086171,-35.39500845190929,-38.0219912366137,-21.4035875237048,-33.86807501239737,-47.45007428698674,4.2349856107507975,-40.16713868698823,-43.27517802545055,3.4121243832617267,-47.70218133739319,15.595830194523629,3.9166128464483023,-36.76897383088966,-43.72784034184371,0.6267347458836525,-47.61620515428058,14.50300786441629
-26.90783813763003,-35.53631124963487,-41.395847363317166,-24.605430845622163,-35.150560410412155,-46.760663888978,-29.197681113770738,-36.221969141883704,-39.577116168739735,-25.123137024878023,-33.14842417199781,-47.4350172848425,0.9268887782726765,-39.58883859041393,-40.77168486646521,3.3225826314126294,-48.03241533816209,14.64977524977273,0.9298346794055234,-36.16480762522936,-41.52784613232528,0.35436196801893516,-47.919027411265866,13.2916356940312
-25.0637952894322,-35.761729889604,-42.235084249992994,-27.276132415421458,-35.13072805575149,-46.75599079428507,-27.216085888290408,-36.351570611284444,-40.77176559397506,-28.03918858796925,-33.61635784370003,-47.43942849070409,-1.000530500107729,-38.34990619122974,-38.46514234394458,3.9586248382179505,-48.26696872846617,13.301291423028985,-0.7261680665439627,-34.83618397649536,-39.45173314401479,1.0105947968284639,-48.13678784759798,11.862441878375321
-23.517412242223664,-35.4126490611732,-42.952182837021766,-28.95317521453347,-35.99278612827022,-46.80896828101618,-25.527212620721738,-36.04088515398251,-41.753252727968714,-29.93975527822052,-35.026335757858945,-47.47363915140702,-1.3622015996069337,-36.741837076234404,-37.28040506090993,5.276424212881956,-48.41398139461757,11.862991545300552,-0.9189193124847961,-33.11719592742489,-38.326381117066475,2.4803171476954233,-48.27437566079077,10.500988140930545
-22.588577053964748,-34.59443773072971,-43.3807418869024,-29.701883169457915,-37.612625456892935,-46.93458903148526,-24.5292987492558,-35.322157808061405,-42.32071955317624,-30.797832522540823,-37.064246545944115,-47.5599426084721,-0.37927197884323505,-35.01779610716039,-37.66988685486819,6.851540933019237,-48.525298751080165,10.373204975491383,0.11611195214379677,-31.185243191643693,-38.62070001399111,4.224446595123865,-48.38378007776239,9.161092471147128
-22.46869621412501,-33.3846334594533,-43.32534447166032,-29.629642550467658,-39.57289408742013,-47.127392744218106,-24.445084383516434,-34.21681052115129,-42.247291878926134,-30.682697282153654,-39.22280256335721,-47.69938631047502,1.5022731786766812,-33.485992400893394,-39.23080783694335,8.13808079159034,-48.62715593611549,8.821650103664275,1.9299844981779444,-29.295707683111107,-40.011661003983946,5.608741649020317,-48.490114136827586,7.779082638547159
-23.13292667891811,-31.98305795376831,-42.739552492352956,-28.9234861034705,-41.27224120525237,-47.333564741330946,-25.19454145114317,-32.880328786457085,-41.49434382472128,-29.80292156571849,-40.94866293551441,-47.84892721032943,3.7074669177462383,-32.4000558477855,-41.10729393335154,8.786314912008002,-48.699273613669604,7.310113048289111,3.9831447314294977,-27.75445554965588,-41.71040856516651,6.271754536047361,-48.569823071272964,6.461349427201839
-24.271958979881255,-30.63823972371423,-41.7781351235447,-27.852910399445907,-42.315465632673416,-47.471733958185936,-26.392855219711503,-31.55659098900976,-40.26295557854512,-28.500662931841134,-41.93097639002974,-47.94370724961914,5.600612333312711,-31.843409963537045,-42.6317902620566,8.691660163202009,-48.716536012531485,6.026098259636328,5.716643371676717,-26.77657887937455,-43.089469325062964,6.154006258936917,-48.59466924171366,5.392979490037078
-25.427021034923143,-29.55197728665617,-40.7574972153539,-26.684741241832906,-42.66792786755258,-47.493035540527885,-27.559985887034614,-30.475330998552003,-38.94490467957347,-27.138581276425885,-42.18083498750269,-47.9467062173028,6.729433303832067,-31.804136491859506,-43.55533556333898,7.935019982811454,-48.68138361574703,5.170594423348341,6.731821843187966,-26.47345408871539,-43.91940075233053,5.381274088949581,-48.56555159516548,4.7213492508205945
-26.26300491882897,-28.89219868986612,-39.99568748695086,-25.620379012558544,-42.498935159719345,-47.40618587697571,-28.387778288642643,-29.821697449639863,-37.9363314576873,-25.97668526246737,-41.88922289429773,-47.86646270446391,7.00220685542746,-32.2691047302159,-43.90361616281891,6.744943507569523,-48.61517653236158,4.918488516390724,6.942441405498755,-26.887261955698957,-44.22666591522696,4.191024146709232,-48.50318531846958,4.557005246518315
-26.68665142944902,-28.81436111191737,-39.6446803612986,-24.809292631263716,-42.001636476270065,-47.26132555863671,-28.811745315715665,-29.745750741143286,-37.43938135781015,-25.162547303509495,-41.26861507886656,-47.74406929100664,6.608530922827313,-33.18155906712005,-43.78456393655904,5.459723380112067,-48.53890954623116,5.38877589581945,6.525489520683017,-27.950658165857632,-44.10984965798577,2.9025121446376403,-48.42808732005153,4.997470840673429
-26.758747225280676,-29.39528784675437,-39.671734178686975,-24.37227223135306,-41.32292512760422,-47.12290152176106,-28.899757505531962,-30.31161693690388,-37.43280293955465,-24.787318963703107,-40.482912169696135,-47.632790944867686,5.840624595009558,-34.35790191329521,-43.30082191394093,4.455345080126463,-48.46560220270394,6.564553345523535,5.762965676411326,-29.422820252167003,-43.66179822729278,1.875099857084777,-48.35332386098147,6.053239914643754
-26.58119539520619,-30.522318910542833,-39.95721418490561,-24.38489525467729,-40.576523835705764,-47.0426511319001,-28.741738875055127,-31.397484287053125,-37.780926827919544,-24.900289334508837,-39.65775591442877,-47.5756744784776,4.979040669658588,-35.49542625543432,-42.55619892687132,4.018341494308018,-48.40393428436715,8.181513378347994,4.927685413443655,-30.910216663980307,-42.979016016964586,1.4008627438393333,-48.28822076339894,7.5152699129202105
-26.247776322014214,-31.86115423641365,-40.38177570566919,-24.831793791827295,-39.878588722529074,-47.035791225825356,-28.411960117544567,-32.673051131904266,-38.33551697786996,-25.465519782141847,-38.91969994473447,-47.583411183725296,4.240472970353714,-36.28631589953043,-41.7033053084112,4.216440890220312,-48.362422849962826,9.75284155291547,4.229830536647448,-32.004733518016934,-42.20472117739226,1.5728779051066653,-48.24250278935851,8.953113713143352
-25.83212106659456,-32.99323768200771,-40.845814601118036,-25.57886069158367,-39.3594762493279,-47.07794627433345,-27.97290186901657,-33.74506538754268,-38.96038628649807,-26.32403970107304,-38.409433529445394,-47.63133201884124,3.7441510258844417,-36.551863631624,-40.96200115433697,4.886506513208161,-48.34906762057436,10.821089290815053,3.784888083108598,-32.45570063706089,-41.539861821536874,2.2503077112277623,-48.22609335796058,9.939840922971527
-25.398936581705385,-33.631362414749226,-41.25699318239174,-26.404775661232307,-39.13570161762231,-47.133197860546424,-27.499397315353974,-34.35717833355671,-39.52166617257225,-27.22749384017171,-38.24362076208392,-47.685988158569046,3.5174456790863076,-36.301984720583334,-40.54636694098169,5.755854850132309,-48.368266669851536,11.197636994309931,3.6134918407878445,-32.25033071467139,-41.174231529467896,3.155717145903658,-48.24493735841487,10.285843277521202
-25.025506665363007,-33.71686530935257,-41.535539874123785,-27.085338193108083,-39.254666162567815,-47.18330642051883,-27.09353368339034,-34.460699208043565,-39.90379302129731,-27.936772176639515,-38.44920119572216,-47.73141440575348,3.5459339789767483,-35.69945996095021,-40.5448994897054,6.5757585772546605,-48.41618379567484,10.96155194190846,3.6850762321600996,-31.56901521348719,-41.18349840679106,4.014095567797902,-48.2949176992142,10.056202280444197
-24.794387539037697,-33.36571031020466,-41.635649801649535,-27.476240867259783,-39.65536177973996,-47.228216223863406,-26.85498472329545,-34.15614619185391,-40.04326826098772,-28.31023772114868,-38.93390795112736,-47.76823012512507,3.799897617435086,-34.97198200771913,-40.88126336415479,7.185201191239216,-48.47814396724789,10.323932518428514,3.9541638721604144,-30.679575280264608,-41.496799962608065,4.643800440419341,-48.35986623216952,9.451077720927714
-24.756278990578153,-32.76753711723987,-41.55712215864963,-27.54423536171281,-40.18977975553224,-47.26995060914665,-26.83163167397916,-33.60826283004854,-39.9427670027549,-28.328022761231942,-39.52704321647556,-47.79900317338352,4.217164158832595,-34.32144266427947,-41.38734817620977,7.514998937552306,-48.534386405418445,9.518652925198303,4.356621821020013,-29.833800045123603,-41.9606643777025,4.9741426340561645,-48.41881894360766,8.697599636425146
-24.901585769076032,-32.107673602345336,-41.34068672045575,-27.345798287808343,-40.69365822919278,-47.30368895730999,-26.999506922296646,-32.985334711132566,-39.65970295788736,-28.063516790315006,-40.05689720693502,-47.82096177050331,4.694348440386193,-33.870848399302645,-41.90049343000514,7.565265266284214,-48.570402142888256,8.747577998932279,4.7999283777940605,-29.202834852872577,-42.42658544860178,5.014947854934135,-48.456793712994426,7.9892278900175455
-25.16514429336484,-31.528666908694568,-41.05423027612122,-26.983441314232508,-41.05082895232879,-47.32085736172405,-27.281771230138588,-32.42626471379053,-39.2841706407971,-27.63623548178674,-40.410273021992964,-47.828678170477914,5.113095224725612,-33.66351889831185,-42.31196643073568,7.381208782297733,-48.58187038641537,8.15796832956785,5.17977542862095,-28.865476159630635,-42.79634695082391,4.820389079727121,-48.469452536354055,7.460162833823205
-25.457798942566452,-31.123580441731065,-40.77398401636096,-26.56691437263996,-41.215205060623475,-47.31639304352771,-27.5859532847266,-32.02826420408666,-38.91448250404872,-27.170160091229036,-40.54877897058793,-47.81957866496524,5.381321979282696,-33.689240291560196,-42.5682185507497,7.037898771641345,-48.572527354743585,7.836694795163723,5.41447900302267,-28.82927748773097,-43.023105813699274,4.468969203356316,-48.4606736244211,7.18263998864488
-25.70225118840614,-30.94163208634156,-40.56341294608662,-26.190360085259385,-41.197612665302984,-47.29300300413971,-27.8368848126033,-31.84507632974092,-38.63247882368201,-26.767793566789017,-40.492580232661396,-47.796955718574296,5.461006025648857,-33.90488766893355,-42.65605859428169,6.629644662821185,-48.549775954271574,7.811060486920127,5.471267157414189,-29.052149820481894,-43.096746504180814,4.0542405558714165,-48.437974825807665,7.173879886098803
-25.85369214064816,-30.990314908219844,-40.45736617063164,-25.922350766342674,-41.04177363833059,-47.26015950829457,-27.992414791040066,-31.886132850274528,-38.484939459647116,-26.498973130248245,-40.294816815824674,-47.76902019856578,5.370118700282006,-34.24243160126575,-42.59026131263818,6.255311457992349,-48.521416242179235,8.050201366648942,5.3695069390473265,-29.453441057344776,-43.031966383845095,3.6733845458566705,-48.4092050391634,7.401791246641196
-25.901061812776128,-31.232828228599242,-40.45850919853379,-25.801185612055523,-40.80524509421387,-47.22942953898478,-28.04203279911143,-32.11521866343426,-38.47841764232719,-26.397541812530715,-40.021452451797224,-47.74513589369837,5.164710528225669,-34.616094887957324,-42.406713895028744,5.9971883283860095,-48.49410081503548,8.469994083639811,5.1644169128108,-29.924824345437123,-42.86212247516867,3.4086430201511675,-48.381085401868276,7.789716830577618
-25.857391341421646,-31.591487441404503,-40.54488686728922,-25.831802942059717,-40.54810349592038,-47.209339549234315,-27.99752122308306,-32.456356306689756,-38.58703770427699,-26.460684056670996,-39.739090519456774,-47.73168335922101,4.914601176718321,-34.938309519861875,-42.1578831541839,5.9001298531448185,-48.47287924072917,8.950707850740798,4.923743143808501,-30.351606145202666,-42.63526475906007,3.3069378589213088,-48.358845967431435,8.23009570655617
-25.74901230379416,-31.966418329933234,-40.681496160942174,-25.986331241550115,-40.325444663449645,-47.202688967984734,-27.884136116145434,-32.813665803630315,-38.76598043819765,-26.65156418179899,-39.5066789330976,-47.73000149430217,4.6830518809385495,-35.14185344463057,-41.90568223995223,5.961955952106628,-48.46103669566546,9.370257350504104,4.707803192150422,-30.641698477632822,-42.40755646375155,3.368560629739015,-48.346060691442965,8.612545885636386
-25.608068251565847,-32.26570742497039,-40.83031372785675,-26.211868372677,-40.17980569367122,-47.20737215639812,-27.73486809917667,-33.10030151676543,-38.96443679829245,-26.90884984788842,-39.36711404878333,-47.73735251119536,4.51500743896424,-35.19729775096638,-41.70863199559931,6.14079163973269,-48.45983394187494,9.640327553286035,4.557808451485677,-30.749080042231384,-42.231515844679926,3.55221665288952,-48.34427294724788,8.856436516412252
-25.467698269637552,-32.43184966517124,-40.95768186014189,-26.44560609186048,-40.133298162157814,-47.21922536624949,-27.58568562965193,-33.26226920005571,-39.136292108259106,-27.16351228650639,-39.33903759791862,-47.74956985935888,4.433605320153319,-35.11687264748962,-41.606141294747886,6.374412355874092,-48.46825792355872,9.726618185271178,4.492676671516868,-30.680428990762124,-42.141957047882016,3.793651897302823,-48.35260523248159,8.930405965107994
-25.357362301802965,-32.45184669714548,-41.03974357900658,-26.63241697861625,-40.18284769497518,-47.2343452831947,-27.469219126977077,-33.28671535868738,-39.248476211050104,-27.35760546471997,-39.41305231611557,-47.76310753877175,4.441453780760192,-34.94418636137378,-41.60802175187627,6.6010166017852185,-48.483171115078335,9.646328691143637,4.51127301657219,-30.483966112415747,-42.14686143170641,4.027840485754112,-48.367860502495105,8.851039363346956
-25.297327020747016,-32.35035783125791,-41.06580473704941,-26.738081935689422,-40.30238794896283,-47.24969707060984,-27.407390413363043,-33.195427775253165,-39.28601806854624,-27.45764823847449,-39.55613175373083,-47.77550405807388,4.52353405529216,-34.7362410073368,-41.69547843313397,6.773677357355908,-48.50015450252876,9.450814979542741,4.596583707713506,-30.22829439977249,-42.22851960037651,4.20546063345985,-48.38543669508266,8.666978429187836
-25.29414085096469,-32.17394430597323,-41.038893004215254,-26.7539734589303,-40.45242777691132,-47.26275355122572,-27.406312008089763,-33.03096027020589,-39.252687982021264,-27.458495151214116,-39.72341365925543,-47.78497983934823,4.651503989903169,-34.54598932692201,-41.83209557154507,6.866634460177991,-48.51486546253947,9.20502985654619,4.720642658323875,-29.980996995570948,-42.353555528974006,4.300112663606285,-48.400793338486196,8.43925502788668
-25.33980873278219,-31.97488025726711,-40.973317773751084,-26.69359761108946,-40.59294944226707,-47.271354020767546,-27.45628628747562,-32.842289889693944,-39.16736240202169,-27.3785959452486,-39.8722210811826,-47.790211975564866,4.79047748809802,-34.41100266572943,-41.97777301192424,6.875339414244294,-48.524282927731775,8.970705188958938,4.8508314350331645,-29.79358474458776,-42.485567117598706,4.307934433870514,-48.41076358500747,8.225022377199679
-25.415578152438478,-31.799115837031756,-40.889903189890134,-26.58443945849173,-40.694067952028135,-47.27413992821784,-27.53680808114836,-32.673575559811574,-39.05747245825243,-27.25050503930277,-39.97264713831577,-47.790581265001514,4.9076693727339205,-34.349391543842074,-42.09937466505992,6.812880415457258,-48.52728544397443,8.795225932956328,4.957395701260552,-29.69460728003492,-42.594748267350795,4.243101606356987,-48.41414542344303,8.06711850229297
-25.498662357907058,-31.679177165417485,-40.81019680939751,-26.458877710144254,-40.74113125819132,-47.271117533198904,-27.623974771189324,-32.556860682894545,-38.951419784311994,-27.110659919281485,-40.011931347925895,-47.78652559674684,4.980236203569973,-34.360923847992865,-42.17602831563988,6.704518421555434,-48.52448968486148,8.705712888965039,5.020237698874297,-29.689244662000252,-42.662593569306495,4.131748363188876,-48.41152607026301,7.989086216189129
-25.568947414137053,-31.630938866925582,-40.751255289269515,-26.3465661852048,-40.73438697019093,-47.26377940521677,-27.697192375564995,-32.50830345460515,-38.871894612693296,-26.991031673014344,-39.99325842535116,-47.7795575655228,4.999550986916205,-34.43079489570704,-42.20013599196578,6.581134967045934,-48.51765616176377,8.707358704320399,5.03260858148834,-29.762843400174894,-42.6826787275165,4.005311525867725,-48.40467178559906,7.994358709053429
-25.61335892271216,-31.65325860343834,-40.72239553520541,-26.269158845718216,-40.68533590122126,-47.254601039827186,-27.74323235193709,-32.52744485872549,-38.83166224803355,-26.913649066107595,-39.931334138421335,-47.77181333093585,4.97087818273841,-34.534701426622505,-42.17588004341592,6.472255221296557,-48.509015079296816,8.785457223186029,5.000645775683907,-29.886818504339708,-42.6591957712637,3.8937302535410225,-48.395846436520884,8.068616376023748
-25.62721177654504,-31.73026792781046,-40.7245008063898,-26.237446019590354,-40.61193244214282,-47.24616639105962,-27.757361225308927,-32.59939771031304,-38.83249937342844,-26.888016506193413,-39.846959003884066,-47.76534085469015,4.909415772225643,-34.64479824995237,-42.11639337057949,6.399796661469779,-48.50071464646469,8.910869673009827,4.939530291043454,-30.026195659246877,-42.604323222017285,3.8193382581920474,-48.38725724319566,8.18488355683531
-25.613227613251475,-31.836360253360375,-40.751500724368924,-26.250824875493723,-40.53390183527924,-47.240368437620745,-27.742361850415858,-32.699797842335805,-38.86689194662359,-26.911167605337262,-39.76187914554607,-47.76148557404653,4.834721058850128,-34.73594372007506,-42.040059244586665,6.374041670664383,-48.49444140840493,9.048199538247204,4.868119005316885,-30.14783666603682,-42.53484123848498,3.792786054142695,-48.380667712793546,8.310828296078377
-25.579340328505197,-31.943147942705682,-40.79307999649612,-26.29901554496945,-40.46869305265156,-47.238020435579465,-27.706453618060895,-32.801587407245435,-38.92142835516164,-26.970070653292314,-39.69445112215389,-47.76063838378115,4.765444906422275,-34.790982896555526,-41.96621758958258,6.392912733097901,-48.491193281436495,9.164839997777264,4.803909002542504,-30.227643101170326,-42.468236221767526,3.812131438165693,-48.37715366576423,8.416832503093673
-25.536141887314688,-32.02657044928709,-40.837674792945705,-26.365651689632283,-40.42835969681277,-47.23892969098405,-27.660774723341234,-32.881794539950135,-38.98074008500148,-27.045867421391637,-39.656456236874305,-47.76237150303566,4.715552160115749,-34.8036578704011,-41.91087800145727,6.44449939329661,-48.49118890448277,9.238328109364957,4.7595109530750435,-30.254869144565312,-42.41884469382676,3.8652353494112646,-48.37699097897045,8.48262864126675
-25.494404671208816,-32.07201401818346,-40.87510473822538,-26.432868782705526,-40.41774909458708,-47.242243007210625,-27.616769400102953,-32.92633352561489,-39.03109518616925,-27.118956473245216,-39.651483152364364,-47.7657839322859,4.69238405384943,-34.778425529268006,-41.883441865512104,6.5116383769260295,-48.4939192618391,9.259981602734285,4.740993875249885,-30.2325363264481,-42.39494210039835,3.934401879691734,-48.37969197699196,8.500627321490043
-25.462920292415845,-32.07613922670963,-40.89845549414136,-26.485657110227926,-40.43437198089883,-47.2468215206485,-27.583787205199446,-32.93171376349437,-39.06303485003903,-27.17360428307055,-39.675221817766115,-47.76984208910347,4.696390535473839,-34.727579902165395,-41.88538095514444,6.576867828041202,-48.498344486568406,9.234365266535562,4.747891887938039,-30.17433427294543,-42.397614924774466,4.001554260664406,-48.384201203576154,8.47541994012903
-25.446925542242823,-32.04549900080792,-40.90500312993073,-26.51485347897256,-40.469991260216254,-47.25151699091364,-27.56731902359062,-32.90380150130082,-39.072694672504745,-27.200928890270227,-39.71757873488071,-47.77360854670486,4.722185883776433,-34.66693660750279,-41.911157969460525,6.626379575395859,-48.503199859230364,9.175646243015635,4.774443885637467,-30.09948009708609,-42.421651860118324,4.052420659528963,-48.38921329815173,8.42036685739592
-25.44742103447112,-31.993072898729956,-40.896131662577794,-26.518194778375914,-40.51342771394457,-47.255354099893914,-27.56828172553082,-32.85465966177879,-39.061726795935954,-27.199720680867895,-39.76593737205147,-47.77637052952841,4.760563447729268,-34.61154524410195,-41.95081238293705,6.652287317717793,-48.50732755962147,9.102551762777807,4.811631042205427,-30.027318334236522,-42.45791997441714,4.0789175862024365,-48.393521538808685,8.352867574532638
-25.46153917650543,-31.934130896993402,-40.87638045159615,-26.499539429390428,-40.55367782158574,-47.257665047437364,-27.58349513354483,-32.79871392459859,-39.036033337627,-27.17529825994458,-39.808534037644385,-47.77771652159108,4.801036481330499,-34.57251237922803,-41.9931367443634,6.65316258733565,-48.5099356138963,9.03346137746503,4.849578352481828,-29.97304926718101,-42.49625070886738,4.0796620998427,-48.39629071157156,8.28978890463263
-25.483807121729477,-31.882542308345446,-40.85193356840685,-26.466851160538873,-40.58243353889489,-47.258185063159104,-27.607103103702148,-32.74924813598844,-39.003759850479305,-27.13709988149099,-39.837013150488644,-47.77757719436718,4.834348210414859,-34.555390247063826,-42.02844477623783,6.6331593895366225,-48.51071875713059,8.982615619378358,4.879833950584711,-29.94527089200499,-42.52793419378798,4.058999589453705,-48.39718575520435,8.244000604447415
-25.507862254128888,-31.848154870737705,-40.828968050844686,-26.429697766513875,-40.59545370557791,-47.25707581007767,-27.632408979299367,-32.715838156257504,-38.97311148843718,-27.095855134144806,-39.847663371515466,-47.776211237956836,4.854369441156678,-34.56006232282481,-42.05036417584691,6.600188476434795,-48.509834681549016,8.957894380600393,4.897036770259071,-29.945394113365637,-42.54731462844773,4.025083715246403,-48.396350398449506,8.222425668913914
-25.528082698925427,-31.835467700823983,-40.812270183277064,-26.396913816180565,-40.59271078529526,-47.25484755894351,-27.653559066891532,-32.70299416573701,-38.95052021609991,-27.061047257444333,-39.84133723392993,-47.77411816857037,4.8589807103511475,-34.5817840802716,-42.05653233557195,6.563634641304489,-48.50777654116193,8.960248221408769,4.8996340602447646,-29.968616410203552,-42.55238571572528,3.987536152752078,-48.39427876323478,8.225630545547496
-25.54072115723686,-31.84357857758638,-40.804407278396845,-26.37486065821223,-40.57758380605246,-47.252193163748366,-27.66668288165491,-32.71004259051283,-38.939527935864604,-27.03912152845891,-39.82239523655295,-47.77189209447769,4.849862183810842,-34.612956175552384,-42.04834595358328,6.532110025918783,-48.50519957712924,8.98461749406539,4.889592847657163,-30.005975121653826,-42.544532006729085,3.955171688837268,-48.39163926846065,8.248751448378428
-25.544372549007225,-31.867228951292848,-40.805552976597156,-26.366502075044806,-40.55550544398659,-47.24978932557274,-27.67035189735706,-32.73209483081766,-38.94051541109263,-27.032642046635246,-39.7971324282381,-47.77006210333894,4.831433401619584,-34.645194632452174,-42.030021939324,6.511695648777113,-48.50275161633248,9.021970539301392,4.871337232679068,-30.046931332032738,-42.527655350196056,3.9342198123365506,-48.389101054499314,8.283395958398884
-25.539828762376303,-31.89862026130841,-40.813880646476534,-26.37133517759519,-40.532454011253535,-47.24813264565017,-27.66542420396634,-32.761778638260665,-38.95118015342166,-27.04039397703962,-39.772110827934554,-47.76897198976854,4.809367442081239,-34.67126392946159,-42.00725504649393,6.5049997142802525,-48.500939546527945,9.061912558176665,4.85031435638998,-30.08190598513554,-42.50694769359352,3.9273619863441738,-48.38719523367696,8.320026423072278
-25.529500730246607,-31.92953585543592,-40.82632180989184,-26.386064246018574,-40.5136025535825,-47.247455324094055,-27.654450271784476,-32.79126862231382,-38.96751345473545,-27.058265799102973,-39.752729057022336,-47.768731450600924,4.789115911529855,-34.6864849285804,-41.985770849312004,6.511147442332202,-48.50004811871836,9.095219137691835,4.831604222180545,-30.104235029804986,-42.48758105087233,3.933707520869689,-48.38622806029689,8.350255490516105
-25.51662112422573,-31.953248166170198,-40.83945125272007,-26.405776056275645,-40.50235096415278,-47.24772670647462,-27.64084407440592,-32.814110801510466,-38.98496977087052,-27.080619570407922,-39.74226102338632,-47.76923827179926,4.7747703992226604,-34.689363305931636,-41.97007315824808,6.5265707276127145,-48.500116373204406,9.11571045387251,4.81888049072208,-30.11117515800403,-42.473583848363845,3.9495902762425885,-48.38625269751653,8.368534948075279
-25.504422160390497,-31.96578299109316,-40.850287839784485,-26.425291259758936,-40.499876833509184,-47.24871636270694,-27.62801557435673,-32.82643648513349,-38.999544434731256,-27.10178466290892,-39.74148926966214,-47.77024657033932,4.768429785318176,-34.681393749953045,-41.96263774170138,6.546277440615469,-48.50096817494004,9.121114319894552,4.813873442725658,-30.10385719628141,-42.4671280403053,3.969870084488896,-48.3870974252953,8.372919645324032
-25.49544751752299,-31.96633357524776,-40.85686073415274,-26.440359406483527,-40.50523373094659,-47.25008459614641,-27.618637786539693,-32.82737427157272,-39.0085487516083,-27.11732045640515,-39.74893482093946,-47.771450036229126,4.77010037650296,-34.66621110862618,-41.96368762671091,6.56521301232268,-48.50228446688436,9.112882758696735,4.816343597200856,-30.086363423353085,-42.46834453993301,3.9893402913329794,-48.38843842647012,8.364872389572582
-25.491114281697556,-31.956875135046758,-40.858464055329485,-26.448444796171863,-40.5159067426607,-47.25147324918524,-27.614181571083172,-32.81870810414557,-39.01096990225926,-27.12479250845398,-39.76155569544126,-47.77255727974768,4.778050974800756,-34.648402207574975,-41.971524413049515,6.579382326797656,-48.503696814939524,9.095201549467617,4.824473225890465,-30.064298959460853,-42.475639145372625,4.00389058813461,-48.389896146542384,8.348330034570253
-25.491584134123435,-31.94122519581594,-40.855597160025,-26.44898925140078,-40.52863527721682,-47.252581190775786,-27.61478594476811,-32.804006819821254,-39.0074071246312,-27.123963208051673,-39.77568741944858,-47.77334788063813,4.789476326991682,-34.632320592124465,-41.98324597485329,6.58652942739225,-48.50487800356187,9.073579657821341,4.8355238806057415,-30.043283427256256,-42.48635225613568,4.011208588538096,-48.39112971516482,8.328391177139494
-25.49593259521517,-31.923875812943677,-40.84965279078107,-26.44318548030865,-40.54026898346191,-47.25321634658185,-27.619448432909508,-32.78752577074565,-38.999666838161865,-27.11645708110415,-39.787967194973874,-47.77370503753284,4.801285081134985,-34.62117468819588,-41.99560820582863,6.586316462739546,-48.50560848044077,9.053415294202196,4.846583041654789,-30.027719515191965,-42.497541843502034,4.010959039331738,-48.39190695863756,8.309995913309848
-25.502536460856575,-31.908899932813636,-40.84246056756106,-26.433404459395604,-40.5484492348357,-47.2533192885363,-27.62644332130806,-32.773163843245094,-38.990160859772224,-27.105074261916652,-39.796027591067904,-47.77362363107614,4.810825224243956,-34.61653621907565,-42.00580124493285,6.580060960675667,-48.50580660922397,9.038850011872903,4.855229105925034,-30.020053991479536,-42.50668252356155,4.00450649487982,-48.3921371682771,8.296885366659893
-25.50955546547774,-31.899148331973176,-40.83581000457148,-26.422469887965633,-40.551989267218005,-47.25295643605109,-27.633831849857437,-32.763685065846694,-38.98127310861834,-27.092971372769714,-39.798841551955405,-47.773194702928414,4.816395557251212,-34.618290645761306,-42.011982965920936,6.570166773042558,-48.505522119704324,9.032095295670914,4.859981893912064,-30.020593192574793,-42.51214038230656,3.9943260579692037,-48.391865763717895,8.291005739703309
-25.51537925600424,-31.895848115531987,-40.83106322340237,-26.41296588160694,-40.55092447208096,-47.25228644576052,-27.639928917629646,-32.76031795302006,-38.97484077527359,-27.08291305234851,-39.79670774321901,-47.7725711562413,4.8174603939428025,-34.62495554914399,-42.013503866974006,6.5594194600121085,-48.50490145774161,9.033286052436146,4.860470448319376,-30.027808052251853,-42.51336652686618,3.983279514739131,-48.391239661132,8.292398383866207
-25.51894221082494,-31.89861441926132,-40.82892921136805,-26.406719017266923,-40.546286625557514,-47.2515099702739,-27.643627831890424,-32.7627506044605,-38.971845751230994,-27.076740998655154,-39.790949765782685,-47.77192393012254,4.814566903713626,-34.63423489115496,-42.01083721039738,6.550316251527093,-48.50413846681192,9.040802651854321,4.857325033814206,-30.038978593742634,-42.51082441900495,3.97392978795628,-48.39045703974215,8.299514531868567
-25.519859768263625,-31.90580498026335,-40.829421961052496,-26.404532869584347,-40.539704554732765,-47.25081709854063,-27.644538401999597,-32.76945806120541,-38.97234804474883,-27.07513388598777,-39.78344913923839,-47.77140028185491,4.809035316701824,-34.643654197425846,-42.00528364556121,6.544568700535962,-48.503424023921546,9.051918601844172,4.851864287284549,-30.05098605988479,-42.50571557128143,3.968032592998938,-48.38971544583889,8.309819564632235
-25.51839087750413,-31.915088963573723,-40.831978866831484,-26.406187906572267,-40.53294826445836,-47.25034602678027,-27.642944776314565,-32.77823960139979,-38.975633005758,-27.077658734635023,-39.77614163977839,-47.77109433777384,4.802532963098102,-34.65112958065223,-41.99855005114188,6.542859735926996,-48.50290542687754,9.063583627965592,4.845684521327641,-30.061060444131133,-42.499594926067616,3.9662876219354217,-48.38916938953939,8.320512414043868
-25.515268364948028,-31.924073873112533,-40.8356842836653,-26.410662932208165,-40.52752196717313,-47.250161305182864,-27.63962619932193,-32.78681591303052,-38.980501999169995,-27.08305419059121,-39.77058903096483,-47.771035278593025,4.796648523350406,-34.65535824853944,-41.99231069578673,6.5448685967404785,-48.50266214988369,9.07314893496207,4.840261054620896,-30.067328433046818,-42.493973899122174,3.9683635407457274,-48.388904439257566,8.32918535102499
-25.51145795452539,-31.930842739353196,-40.83953051916164,-26.416494377442298,-40.524382973114605,-47.25025306930535,-27.635603184126953,-32.793344110021266,-38.98561773931689,-27.089646821384747,-39.76770350229225,-47.771192712959945,4.7925597671314435,-34.655972589491284,-41.98784692709633,6.549514058821828,-48.50270016832761,9.078882097410236,4.836647426150336,-30.069072713095423,-42.48999751488748,3.973147256183289,-48.38893036784511,8.334287138228326
-25.507909281908216,-31.934295407265886,-40.84265315879005,-26.42217252881984,-40.52382555045379,-47.25055297104559,-27.63187516975735,-32.79674861683975,-38.98981979532998,-27.095787969856453,-39.76765863202536,-47.77149438927762,4.790849305859368,-34.653461399077216,-41.98583191317666,6.555324142639975,-48.50296302844816,9.080190694816778,4.835319893427005,-30.066691805922737,-42.48825463972082,3.9791240286347858,-48.38919174551891,8.335317728976435
-25.505352574143686,-31.934249693097623,-40.84449457416122,-26.42648101832514,-40.52552855214025,-47.2509596457706,-27.629206574947183,-32.796824841538694,-38.992347174362145,-27.100211429747905,-39.769976360437106,-47.77184957305144,4.791481074646704,-34.64891460615527,-41.98628561555029,6.560827336631689,-48.50335467406307,9.077554495438271,4.8361742310312295,-30.06141971525853,-42.488742683888646,3.984780380298389,-48.38959100849094,8.33275620101712
-25.504176692496642,-31.931321426718235,-40.844872780503465,-26.428713540791826,-40.52873033555779,-47.25136633163664,-27.627999456910743,-32.794132269660366,-38.992935735542574,-27.10224574809577,-39.77374271427558,-47.772171865338976,4.7939144260331545,-34.6436791978313,-41.988682513997645,6.564874615515947,-48.50376721859467,9.072233000790455,4.838648474004977,-30.05490970723728,-42.49096967603886,3.9889357387713247,-48.3900170149113,8.32778484833527
-25.504401817361693,-31.926649797468553,-40.84395681527134,-26.42874057309396,-40.53247154661926,-47.25168462200784,-27.628266782541008,-32.78973847112394,-38.991790589701864,-27.10185874481876,-39.77788338558648,-47.77239690496383,4.79730806097276,-34.63901893288009,-41.992161928578966,6.566834004552405,-48.5041067106723,9.06585366465525,4.841923639785634,-30.048798928338304,-42.49414745447333,3.9909423337294285,-48.390371848716,8.321907367590164
-25.50573763143501,-31.921556832348696,-40.842169693029916,-26.42693752277294,-40.535840205377795,-47.25186030540475,-27.629695981618262,-32.78489729382279,-38.9894606911314,-27.099553590439946,-39.78142758944716,-47.77249237105515,4.800754935288353,-34.63585250546268,-41.99577562985856,6.566638348889114,-48.504311439164624,9.059992660584058,4.845146194853456,-30.044353373920767,-42.49741654355846,3.9907335177512167,-48.39059012516079,8.316564370074474
-25.5077002183757,-31.917227365412565,-40.84005228722639,-26.424014744980738,-40.5381638647644,-47.25187937472918,-27.63177366121979,-32.78074320439117,-38.9866596323854,-27.09616561774938,-39.78370328209036,-47.77245957428045,4.803491960022356,-34.63461332241032,-41.99871083774205,6.5647021479362735,-48.50435992571653,9.055840523452346,4.84762050051755,-30.04225636037733,-42.500046884379195,3.9887373471318455,-48.39064772978556,8.312830451153339
-25.509751805641766,-31.91447500645789,-40.83812460705086,-26.42080418910641,-40.53911533354025,-47.25176442769611,-27.633933184475445,-32.77806496216789,-38.98408110240201,-27.09262211024466,-39.78443241982417,-47.772327601255405,4.805042648720502,-34.635239427281995,-42.00044397781043,6.561748309808813,-48.50426862362491,9.054009683453856,4.848934171011415,-30.042560722731956,-42.501574595645074,3.985697940120552,-48.39055990088878,8.31124368882299
-25.51142821950701,-31.91362919559369,-40.83677546233512,-26.41805685676435,-40.53872403065502,-47.25156363102505,-27.63568822235729,-32.7771934470188,-38.98225046326508,-27.089724035760906,-39.783723086110186,-47.7721423474259,4.805272415094741,-34.63727263232575,-42.000804320256506,6.558597645211918,-48.50408168336082,9.054500563854539,4.848999926234569,-30.044786175906623,-42.501856624187795,3.9824590705417435,-48.390371007212806,8.31178099220552
-25.51242783958425,-31.914546617504843,-40.83619996330723,-26.41629307619613,-40.537307447378645,-47.2513357989599,-27.636725194294144,-32.77800814381163,-38.98143883936676,-27.08799323842744,-39.78197870756469,-47.77195359778884,4.8043591076195895,-34.64002649055374,-41.99994995936116,6.555972929119378,-48.50385647493591,9.05680641824489,4.848018767647275,-30.04811566890152,-42.50104624674944,3.9797630845312995,-48.390139777062984,8.313959466864027
-25.512649249573016,-31.916723385786657,-40.83639032660648,-26.41572879195051,-40.53535192917436,-47.25113556864203,-27.636941662077778,-32.78004076049914,-38.98164775075839,-27.087606765369646,-39.77975888701537,-47.77180336094148,4.8026999394661445,-34.642775122049144,-41.99827673259519,6.554357678115835,-48.50364878665129,9.060110806875116,4.846386099384226,-30.051631406639096,-42.49950863242634,3.978106111866765,-48.389924010849555,8.317020537544543
