-0.4052899617529597,-50.0,-50.0,-2.147310258776769,-22.831728827184353,-22.801657369204307,-0.4052899617529597,-50.0,-50.0,-2.147310258776769,-22.831728827184353,-22.801657369204307,-0.6523128015771686,-50.0,-50.0,-1.8802243068817395,-23.26931304189508,-23.7150584041192,-0.6523128015771686,-50.0,-50.0,-1.8802243068817395,-23.26931304189508,-23.7150584041192
12.422871,-48.913944,-47.124588,-14.648678,-32.278236,-29.423143,12.437759,-48.91127,-47.119846,-14.653755,-32.298367,-29.432486,-13.755196,-49.016434,-49.924458,10.81287,-30.454441,-30.841265,-13.7559395,-49.017014,-49.923866,10.808197,-30.481699,-30.875584
21.232475,-39.169434,-37.371933,-22.787167,-45.74597,-38.862984,21.226845,-39.172302,-37.38565,-22.77384,-45.727406,-38.86055,-22.193403,-39.753815,-41.580254,19.416931,-40.850986,-40.372097,-22.191341,-39.75458,-41.548897,19.41822,-40.8298,-40.452164
22.392342,-29.233686,-27.64719,-24.057524,-49.999977,-48.792126,22.407211,-29.230759,-27.644281,-24.066563,-49.999973,-48.782852,-23.639496,-29.31265,-29.927063,20.518196,-49.80963,-49.906185,-23.64066,-29.309666,-29.954952,20.512138,-49.796825,-49.904716
16.10505,-22.693426,-21.50091,-17.195358,-50.0,-49.800972,16.119415,-22.698318,-21.455023,-17.21154,-50.0,-49.800434,-17.984398,-23.29281,-22.219923,14.300217,-49.98851,-49.98935,-17.986485,-23.298815,-22.209682,14.29351,-49.987995,-49.988747
5.442154,-22.066153,-19.765804,-6.2170334,-50.0,-49.85224,5.4724274,-22.070671,-19.633156,-6.2426567,-50.0,-49.85247,-7.712368,-22.57999,-21.074827,2.978592,-49.991764,-49.980457,-7.7158737,-22.583807,-21.082039,2.966652,-49.991467,-49.97972
-7.0984306,-27.229528,-22.56529,6.313053,-49.99999,-49.42076,-7.0694504,-27.246548,-22.590712,6.284374,-49.99999,-49.420155,4.7023926,-27.483387,-26.270527,-10.419315,-49.92096,-49.76939,4.698139,-27.494164,-26.225952,-10.429985,-49.91771,-49.76936
-16.968616,-37.366974,-33.402237,15.924522,-47.756207,-39.836617,-16.945927,-37.37317,-33.449543,15.899879,-47.70546,-39.818764,15.516289,-37.25094,-36.708145,-19.924904,-42.588978,-42.27458,15.5125885,-37.26162,-36.77162,-19.935669,-42.533356,-42.19557
-20.427628,-47.60567,-43.238426,19.106552,-32.27231,-28.973743,-20.39497,-47.59894,-43.291965,19.092438,-32.228622,-28.968954,19.921677,-47.64231,-49.995983,-22.500912,-30.353464,-30.727612,19.919731,-47.638577,-49.99589,-22.512102,-30.35385,-30.663715
-16.616764,-49.964752,-49.99259,13.601463,-21.742355,-21.504728,-16.59127,-49.964027,-49.99274,13.600121,-21.6572,-21.518814,15.168472,-49.999687,-49.999737,-17.615898,-21.89597,-21.432848,15.167511,-49.999683,-49.99973,-17.623909,-21.884113,-21.512787
-6.3619576,-49.967464,-49.98541,2.432541,-21.359684,-21.64013,-6.2991333,-49.96693,-49.985615,2.4053955,-21.297188,-21.673975,5.5676613,-49.996777,-49.999382,-6.7300034,-21.64775,-21.03053,5.563896,-49.99677,-49.999367,-6.7496643,-21.655838,-21.181622
6.8500366,-49.691277,-49.70098,-10.349953,-27.996767,-27.142965,6.8819733,-49.689163,-49.700798,-10.366558,-28.090002,-27.154562,-7.3885117,-49.75468,-49.996826,6.344509,-27.503895,-28.394379,-7.3908463,-49.75472,-49.996788,6.335045,-27.556728,-28.453693
18.360077,-42.70623,-42.927048,-20.601082,-40.280205,-35.339714,18.35672,-42.716904,-42.915405,-20.590227,-40.27736,-35.347855,-18.583462,-43.23677,-48.20057,17.025993,-36.808823,-37.62525,-18.581661,-43.240562,-48.18775,17.027107,-36.829254,-37.716084
22.752014,-32.68949,-32.970665,-24.65704,-49.98695,-45.949005,22.769325,-32.69339,-33.022842,-24.677637,-49.985725,-45.92286,-23.937254,-32.464104,-35.181747,20.9142,-48.491776,-48.517227,-23.940365,-32.45923,-35.2172,20.90609,-48.43142,-48.521343
19.192192,-24.331444,-24.754482,-20.077656,-50.0,-49.696415,19.205093,-24.329596,-24.725277,-20.087616,-50.0,-49.694916,-21.075531,-25.229502,-25.127783,17.2034,-49.979267,-49.99074,-21.07664,-25.231216,-25.096653,17.197731,-49.978092,-49.9903
10.452194,-21.748577,-19.587646,-10.703716,-50.0,-49.850914,10.473175,-21.746428,-19.501007,-10.724148,-50.0,-49.85094,-12.464245,-22.452286,-20.677048,8.045151,-49.992126,-49.986958,-12.4671135,-22.453762,-20.703096,8.035896,-49.99184,-49.986267
-1.6666336,-24.452644,-19.80283,1.3567352,-50.0,-49.76321,-1.6296196,-24.46891,-19.70882,1.3269615,-50.0,-49.763367,-1.1646957,-24.911774,-23.20422,-5.3270035,-49.983906,-49.94709,-1.1688156,-24.921524,-23.154388,-5.3401985,-49.983192,-49.946613
-12.620346,-33.807945,-28.081306,12.6691475,-49.832912,-44.824432,-12.59494,-33.825127,-28.19649,12.634468,-49.825092,-44.81113,10.616119,-33.065495,-30.204712,-16.322956,-47.758194,-46.99058,10.610725,-33.081215,-30.280987,-16.33464,-47.728497,-46.962067
-19.374943,-43.05207,-39.026638,19.023315,-38.826057,-33.943787,-19.395445,-43.039635,-39.01636,19.026505,-38.753803,-33.95247,18.998344,-43.00258,-43.494682,-23.041607,-35.820023,-34.405674,18.998535,-42.996952,-43.458195,-23.036966,-35.833977,-34.580147
-17.948524,-49.946396,-49.955303,16.6259,-24.489765,-21.895761,-17.947914,-49.94535,-49.95603,16.636078,-24.298231,-21.903648,17.909157,-49.995823,-49.99969,-19.529617,-22.61937,-23.698078,17.909996,-49.995804,-49.999683,-19.531105,-22.545044,-23.80079
-9.568905,-49.9683,-49.99525,5.780571,-20.799377,-20.79501,-9.502903,-49.967754,-49.99534,5.755226,-20.712423,-20.832859,8.733578,-49.998615,-49.999527,-9.92947,-21.232721,-20.700968,8.729942,-49.998615,-49.999516,-9.950298,-21.232452,-20.829006
3.104496,-49.869213,-49.893066,-6.812023,-25.368574,-25.26115,3.1445656,-49.86787,-49.893448,-6.8320312,-25.423746,-25.27385,-3.7386856,-49.93806,-49.99861,2.7620735,-25.44365,-26.24945,-3.7415276,-49.938046,-49.998592,2.749939,-25.477577,-26.363033
15.65596,-45.72402,-45.739635,-18.25453,-36.890602,-32.73491,15.661324,-45.729256,-45.72757,-18.253252,-36.885094,-32.74246,-16.12442,-46.296055,-49.61564,14.546646,-34.223595,-35.27645,-16.124119,-46.299118,-49.61267,14.545128,-34.24672,-35.34698
22.419586,-35.13635,-35.75129,-24.113194,-49.490852,-42.552376,22.427887,-35.136166,-35.795242,-24.1224,-49.47344,-42.525455,-23.356,-35.455376,-38.32786,20.618637,-45.29915,-45.74034,-23.357431,-35.452248,-38.32136,20.613945,-45.215862,-45.7781
21.070442,-26.451471,-26.958023,-22.263824,-50.0,-49.524944,21.080093,-26.437775,-26.921328,-22.262344,-50.0,-49.52169,-22.29774,-26.928503,-27.434013,19.176964,-49.954834,-49.988758,-22.297386,-26.924114,-27.42367,19.17305,-49.95171,-49.988354
13.270973,-21.838963,-21.172153,-14.106651,-50.0,-49.840015,13.285557,-21.837309,-21.132765,-14.122482,-50.0,-49.839787,-14.85416,-22.625448,-21.48513,11.380535,-49.991238,-49.98877,-14.856373,-22.627897,-21.504906,11.373459,-49.990887,-49.988125
1.5891075,-22.867395,-20.672058,-2.38665,-50.0,-49.829144,1.6270866,-22.879429,-20.526073,-2.4158516,-50.0,-49.8294,-3.891922,-23.376545,-22.390278,-1.2909508,-49.99107,-49.97477,-3.8957977,-23.38264,-22.367615,-1.3049316,-49.99071,-49.974197
-10.6692505,-30.219,-25.775206,9.889252,-49.99813,-48.089233,-10.641624,-30.237358,-25.848614,9.855637,-49.997948,-48.085537,8.561214,-30.038996,-28.797304,-13.718983,-49.557278,-49.213287,8.55616,-30.052074,-28.79977,-13.730343,-49.545734,-49.210617
-19.105267,-40.392258,-36.00928,18.147827,-44.326286,-37.035957,-19.11673,-40.379013,-36.038307,18.145645,-44.252384,-37.03175,18.0736,-40.663467,-41.00059,-22.129324,-39.42018,-38.432083,18.072998,-40.66179,-40.99701,-22.128517,-39.39408,-38.47143
-19.683357,-49.76877,-48.29271,18.668617,-28.580158,-25.391768,-19.66605,-49.765812,-48.31707,18.665459,-28.525389,-25.399193,18.881958,-49.905506,-49.99953,-21.952438,-27.094679,-27.049099,18.88131,-49.90516,-49.99952,-21.959343,-27.088676,-27.031773
-12.991417,-49.980076,-49.991055,10.042122,-20.650446,-20.63032,-12.942108,-49.979668,-49.991222,10.027153,-20.580835,-20.664356,11.308956,-49.999596,-49.999584,-14.296577,-21.070692,-20.525967,11.306381,-49.999596,-49.999573,-14.312241,-21.077133,-20.58057
-1.2074356,-49.956535,-49.921036,-2.181137,-22.670403,-23.014849,-1.163147,-49.95589,-49.921772,-2.2011185,-22.64036,-23.033113,0.15992737,-49.98931,-49.998905,-2.0283318,-22.801582,-22.385403,0.15708542,-49.9893,-49.998886,-2.0422935,-22.80633,-22.533062
12.156662,-48.8302,-47.755486,-14.81303,-31.882898,-29.428791,12.170395,-48.827496,-47.752075,-14.817734,-31.923355,-29.437454,-13.120537,-48.799335,-49.944256,10.9186325,-30.148985,-30.298384,-13.121124,-48.80007,-49.943764,10.914505,-30.185835,-30.353909
21.085594,-39.249416,-37.830563,-22.854502,-45.531414,-38.85992,21.07808,-39.25098,-37.84529,-22.839182,-45.518024,-38.85929,-21.91504,-39.839684,-42.34058,19.439217,-40.703457,-40.086357,-21.912653,-39.84038,-42.309593,19.441208,-40.690804,-40.166786
22.419022,-29.320145,-28.061983,-24.177155,-49.999973,-48.736748,22.435387,-29.320255,-28.058012,-24.188707,-49.999966,-48.727028,-23.707775,-29.415167,-30.39401,20.558846,-49.807198,-49.899895,-23.709259,-29.412895,-30.426397,20.552162,-49.79432,-49.89839
16.28489,-22.704441,-21.75627,-17.359932,-50.0,-49.79845,16.299332,-22.709578,-21.711964,-17.376179,-50.0,-49.79788,-18.1966,-23.36715,-22.397564,14.464294,-49.988815,-49.989693,-18.19866,-23.373112,-22.38522,14.457565,-49.988308,-49.989113
5.7225266,-22.016747,-19.739246,-6.4317245,-50.0,-49.852993,5.7523384,-22.020576,-19.60849,-6.457062,-50.0,-49.853218,-7.991024,-22.552216,-21.027401,3.2408066,-49.992,-49.981304,-7.9944954,-22.555647,-21.036922,3.2289886,-49.991714,-49.98058
-6.820263,-27.06496,-22.3391,6.0814743,-49.999992,-49.45679,-6.790844,-27.081951,-22.358944,6.0528793,-49.999992,-49.456272,4.383934,-27.335566,-26.077076,-10.195393,-49.929123,-49.79081,4.3796997,-27.346275,-26.030857,-10.206165,-49.926167,-49.79074
-16.742027,-37.213844,-33.221207,15.767197,-47.90891,-40.038223,-16.718155,-37.22123,-33.272022,15.741356,-47.86001,-40.019672,15.279999,-37.031326,-36.327377,-19.758081,-42.827885,-42.483124,15.276131,-37.042778,-36.395817,-19.769257,-42.771873,-42.401276
-20.378368,-47.338737,-43.00815,19.09343,-32.416534,-29.1371,-20.347347,-47.332134,-43.058903,19.079666,-32.36892,-29.132092,19.926628,-47.337532,-49.99374,-22.487211,-30.4723,-30.91903,19.924706,-47.333496,-49.9936,-22.497856,-30.472923,-30.871565
-16.790459,-49.962437,-49.993298,13.766102,-21.838455,-21.540995,-16.766636,-49.961666,-49.99344,13.765747,-21.7469,-21.553488,15.421234,-49.99967,-49.999744,-17.726295,-21.945084,-21.533615,15.420403,-49.99967,-49.999737,-17.733818,-21.92889,-21.621635
-6.6292343,-49.966846,-49.987236,2.6539612,-21.322346,-21.584557,-6.565384,-49.966305,-49.98742,2.6264992,-21.258137,-21.618988,5.8696594,-49.99691,-49.9994,-6.945568,-21.625778,-21.020786,5.865856,-49.996906,-49.99939,-6.965542,-21.633606,-21.172293
6.542961,-49.70671,-49.73849,-10.096535,-27.827604,-27.035816,6.5760193,-49.704647,-49.738373,-10.113808,-27.921673,-27.047655,-7.0556564,-49.77546,-49.99718,6.093445,-27.402096,-28.36111,-7.0580864,-49.77549,-49.997147,6.083645,-27.45507,-28.424385
18.160751,-42.88611,-43.237614,-20.453108,-40.05713,-35.17089,18.158089,-42.89697,-43.22511,-20.44308,-40.053864,-35.17916,-18.360188,-43.45606,-48.420002,16.860321,-36.648483,-37.55945,-18.358513,-43.45994,-48.40852,16.861214,-36.66954,-37.649727
22.745758,-32.848087,-33.269184,-24.63769,-49.982685,-45.7501,22.762772,-32.85173,-33.32202,-24.658062,-49.98114,-45.723217,-23.909876,-32.6313,-35.447533,20.906906,-48.347157,-48.41568,-23.912971,-32.62642,-35.4806,20.89888,-48.28353,-48.42068
19.33162,-24.453886,-24.967787,-20.21118,-50.0,-49.687927,19.3443,-24.451126,-24.93972,-20.220411,-50.0,-49.686344,-21.178616,-25.348667,-25.312956,17.337936,-49.97827,-49.990753,-21.179634,-25.349888,-25.281818,17.33239,-49.977024,-49.990322
10.679901,-21.744272,-19.671566,-10.937271,-50.0,-49.850338,10.700451,-21.742056,-19.587662,-10.957432,-50.0,-49.850346,-12.664524,-22.461336,-20.713675,8.292004,-49.992115,-49.987175,-12.667347,-22.462826,-20.739862,8.282875,-49.991825,-49.986492
-1.4107323,-24.328495,-19.783955,1.0944366,-50.0,-49.7698,-1.3733101,-24.344637,-19.684418,1.0644989,-50.0,-49.76997,-1.4106598,-24.792606,-23.10926,-5.0462,-49.984795,-49.950516,-1.4147911,-24.8022,-23.060318,-5.0595627,-49.984127,-49.950027
-12.450958,-33.572433,-27.788694,12.486862,-49.867687,-45.098698,-12.425415,-33.589905,-27.903366,12.452015,-49.861187,-45.08629,10.405727,-32.843613,-30.002012,-16.136967,-47.95744,-47.207912,10.400299,-32.859276,-30.074192,-16.148651,-47.929348,-47.18288
-19.343163,-42.882317,-38.732635,18.999931,-39.28596,-34.220306,-19.364742,-42.869274,-38.724392,19.003433,-39.211823,-34.22814,18.933258,-42.849545,-43.19749,-23.019478,-36.142437,-34.586834,18.933495,-42.844074,-43.163597,-23.014599,-36.153248,-34.753387
-17.93821,-49.943985,-49.93678,16.720078,-24.684254,-21.96659,-17.937294,-49.94291,-49.937756,16.729927,-24.492949,-21.975445,17.935371,-49.99482,-49.99968,-19.583523,-22.732529,-23.75447,17.936203,-49.994797,-49.999672,-19.58513,-22.65912,-23.85616
-9.65303,-49.968853,-49.995213,5.881569,-20.782976,-20.772676,-9.587112,-49.968315,-49.995304,5.856304,-20.695608,-20.810738,8.802544,-49.998653,-49.999527,-10.036274,-21.20888,-20.663435,8.798908,-49.99865,-49.999516,-10.0570755,-21.208637,-20.78972
3.0045776,-49.87267,-49.89449,-6.7156525,-25.289099,-25.20091,3.044773,-49.871346,-49.894882,-6.7356873,-25.341747,-25.213625,-3.6417809,-49.940353,-49.998623,2.657753,-25.366096,-26.135092,-3.6446228,-49.94034,-49.998604,2.6455727,-25.39896,-26.250141
15.581467,-45.81553,-45.791416,-18.184608,-36.778576,-32.656925,15.58696,-45.820457,-45.77959,-18.183475,-36.77371,-32.66446,-16.062782,-46.367012,-49.630135,14.474808,-34.1335,-35.16313,-16.062504,-46.370018,-49.627274,14.473259,-34.156918,-35.23331
22.39898,-35.223,-35.79403,-24.092667,-49.44939,-42.459553,22.406822,-35.222656,-35.83735,-24.101204,-49.431274,-42.433117,-23.330666,-35.562305,-38.41343,20.60353,-45.18679,-45.60641,-23.331995,-35.55925,-38.405754,20.59903,-45.104336,-45.64589
21.117744,-26.51435,-26.987747,-22.327154,-50.0,-49.5179,21.12741,-26.500614,-26.950134,-22.325565,-50.0,-49.514572,-22.335775,-26.977844,-27.493685,19.227287,-49.95384,-49.9886,-22.335405,-26.973421,-27.484314,19.223366,-49.950634,-49.988197
13.34454,-21.85068,-21.199806,-14.197189,-50.0,-49.83947,13.358997,-21.84912,-21.161222,-14.212944,-50.0,-49.839233,-14.924183,-22.634375,-21.50594,11.465233,-49.9912,-49.988796,-14.92638,-22.636879,-21.525188,11.458206,-49.990845,-49.98815
1.6804047,-22.834044,-20.686113,-2.4897537,-50.0,-49.830235,1.7182503,-22.845898,-20.539692,-2.518879,-50.0,-49.83049,-3.9718018,-23.34379,-22.364555,-1.1781464,-49.991142,-49.975063,-3.9756699,-23.349796,-22.342869,-1.1920929,-49.990788,-49.97449
-10.60141,-30.126745,-25.727211,9.80196,-49.998383,-48.149956,-10.573803,-30.145056,-25.799616,9.768505,-49.998222,-48.146404,8.497093,-29.964973,-28.760355,-13.64064,-49.578358,-49.2438,8.492065,-29.977959,-28.760853,-13.651966,-49.567173,-49.241325
-19.083961,-40.309147,-35.948074,18.104248,-44.446846,-37.106445,-19.094604,-40.29618,-35.977646,18.101646,-44.373444,-37.1019,18.03595,-40.587685,-40.9337,-22.085762,-39.50174,-38.560276,18.035286,-40.58621,-40.9311,-22.085243,-39.47462,-38.595856
-19.738827,-49.75397,-48.181316,18.708397,-28.696949,-25.511997,-19.720604,-49.7509,-48.20725,18.704674,-28.646143,-25.519197,18.914421,-49.89583,-49.999523,-22.013557,-27.230452,-27.17267,18.913696,-49.895454,-49.99951,-22.02074,-27.226273,-27.150406
-13.100388,-49.98018,-49.990757,10.171219,-20.666172,-20.652514,-13.051868,-49.97977,-49.99093,10.156677,-20.597887,-20.686127,11.391731,-49.99961,-49.999588,-14.42926,-21.086464,-20.546228,11.3891945,-49.99961,-49.999577,-14.444664,-21.093323,-20.598886
-1.3521194,-49.9578,-49.92221,-2.0262337,-22.607231,-22.95676,-1.3075714,-49.957172,-49.922947,-2.04628,-22.575508,-22.975416,0.2912712,-49.98986,-49.998913,-2.186161,-22.739222,-22.298487,0.28842545,-49.98985,-49.998894,-2.200222,-22.743732,-22.446444
12.027611,-48.886967,-47.822674,-14.688908,-31.730936,-29.334604,12.041683,-48.88422,-47.819458,-14.693825,-31.7731,-29.343304,-12.996983,-48.8527,-49.948235,10.787865,-30.02786,-30.16132,-12.997604,-48.853386,-49.947773,10.783634,-30.065138,-30.216139
21.029259,-39.369194,-37.920967,-22.799253,-45.353447,-38.742943,21.021599,-39.371075,-37.93466,-22.783678,-45.341026,-38.74289,-21.85181,-39.947746,-42.490376,19.383766,-40.562668,-39.94803,-21.849382,-39.948563,-42.45954,19.385841,-40.55188,-40.02845
22.443436,-29.432648,-28.140167,-24.215681,-49.999966,-48.67721,22.459969,-29.433262,-28.13963,-24.227867,-49.999958,-48.66705,-23.733223,-29.50741,-30.49547,20.586403,-49.792717,-49.884476,-23.734798,-29.50509,-30.52891,20.57962,-49.77903,-49.88287
16.372139,-22.738573,-21.797411,-17.4501,-50.0,-49.796574,16.386627,-22.743853,-21.75308,-17.46635,-50.0,-49.795986,-18.292,-23.402126,-22.44561,14.550598,-49.98866,-49.989716,-18.294056,-23.408161,-22.432446,14.543884,-49.98814,-49.989136
5.852581,-22.000458,-19.716484,-6.5537186,-50.0,-49.853317,5.8820724,-22.004011,-19.586973,-6.5788803,-50.0,-49.85354,-8.115841,-22.538342,-20.998825,3.3789482,-49.99201,-49.981472,-8.119286,-22.541674,-21.009174,3.367218,-49.991722,-49.980743
-6.688217,-26.97889,-22.250452,5.9576797,-49.999992,-49.474674,-6.6586533,-26.995846,-22.267448,5.92918,-49.999992,-49.47419,4.2411575,-27.259842,-25.994316,-10.07579,-49.93276,-49.799248,4.23695,-27.270496,-25.947403,-10.086578,-49.929928,-49.79917
-16.645027,-37.12172,-33.129475,15.689575,-47.99617,-40.15146,-16.620544,-37.129673,-33.181145,15.663132,-47.9485,-40.132717,15.172913,-36.913986,-36.15698,-19.675026,-42.96456,-42.609726,15.168961,-36.92577,-36.22738,-19.686409,-42.908592,-42.527344
-20.378942,-47.191055,-42.88554,19.104095,-32.51339,-29.244247,-20.348934,-47.1845,-42.935135,19.09056,-32.465004,-29.239159,19.934525,-47.18363,-49.99211,-22.507252,-30.572222,-31.042076,19.932625,-47.17945,-49.99194,-22.517565,-30.573612,-31.002596
-16.900768,-49.96139,-49.993576,13.88855,-21.902897,-21.575468,-16.878277,-49.9606,-49.993713,13.888912,-21.808863,-21.586926,15.559105,-49.999664,-49.99975,-17.819221,-21.986496,-21.60754,15.55835,-49.999664,-49.99974,-17.826351,-21.968328,-21.698656
-6.7975006,-49.966892,-49.98801,2.8120232,-21.291416,-21.542767,-6.733177,-49.96635,-49.988186,2.784462,-21.226181,-21.57759,6.0436707,-49.99703,-49.999413,-7.101139,-21.601261,-20.99609,6.039852,-49.99702,-49.999397,-7.121269,-21.609,-21.146868
6.3531265,-49.718517,-49.755684,-9.930557,-27.699425,-26.950909,6.3867607,-49.716488,-49.75561,-9.948139,-27.792976,-26.962826,-6.8610306,-49.789013,-49.997345,5.924988,-27.309288,-28.2841,-6.86351,-49.789036,-49.997314,5.9150124,-27.361847,-28.349792
18.032234,-43.017384,-43.405346,-20.348742,-39.896812,-35.047253,18.029968,-43.028225,-43.39255,-20.339205,-39.893047,-35.055504,-18.230295,-43.60354,-48.53348,16.748901,-36.528587,-37.47359,-18.228691,-43.607456,-48.522743,16.74968,-36.549816,-37.56321
22.7407,-32.95617,-33.435863,-24.623425,-49.978794,-45.600796,22.757439,-32.959618,-33.488792,-24.643581,-49.976974,-45.573433,-23.892536,-32.752243,-35.605186,20.902283,-48.23445,-48.32311,-23.895605,-32.747368,-35.636654,20.894333,-48.16847,-48.328945
19.42553,-24.54433,-25.09331,-20.30905,-50.0,-49.681915,19.438004,-24.54089,-25.065802,-20.317696,-50.0,-49.68027,-21.244492,-25.429764,-25.426651,17.43338,-49.977467,-49.990726,-21.245434,-25.430649,-25.395824,17.427933,-49.976162,-49.990295
10.82933,-21.742813,-19.734629,-11.10149,-50.0,-49.849968,10.849556,-21.740547,-19.652847,-11.121433,-50.0,-49.849964,-12.791477,-22.466152,-20.74085,8.461567,-49.992085,-49.987297,-12.794273,-22.46766,-20.767075,8.452553,-49.991795,-49.986614
-1.2441444,-24.242996,-19.792961,0.91373444,-50.0,-49.774162,-1.2064667,-24.259045,-19.689743,0.8837166,-50.0,-49.77434,-1.5625229,-24.710142,-23.054865,-4.8536224,-49.985348,-49.952633,-1.5666504,-24.719603,-23.006676,-4.8670807,-49.984707,-49.952137
-12.351006,-33.402863,-27.609135,12.363686,-49.888466,-45.286613,-12.325306,-33.42052,-27.722557,12.328716,-49.882797,-45.27482,10.281101,-32.688187,-29.889126,-16.013329,-48.089275,-47.35405,10.275654,-32.70379,-29.958237,-16.025017,-48.062237,-47.33127
-19.331703,-42.764477,-38.53868,18.983322,-39.59716,-34.404083,-19.353828,-42.751045,-38.532074,18.986954,-39.521988,-34.411316,18.893776,-42.74505,-43.02569,-23.003063,-36.357124,-34.726593,18.894035,-42.739685,-42.993584,-22.99807,-36.36587,-34.8873
-17.955242,-49.941875,-49.92055,16.800392,-24.836996,-22.04301,-17.95422,-49.94077,-49.92174,16.81002,-24.647259,-22.05229,17.962334,-49.994038,-49.999672,-19.642088,-22.844065,-23.816338,17.96315,-49.994007,-49.999664,-19.643753,-22.771824,-23.916742
-9.739403,-49.96935,-49.99519,5.9856224,-20.767393,-20.751614,-9.6736145,-49.968815,-49.995277,5.9604874,-20.679695,-20.789843,8.8731,-49.99869,-49.999527,-10.144691,-21.188187,-20.631748,8.869492,-49.99869,-49.99952,-10.1654625,-21.187962,-20.756271
2.9016037,-49.87613,-49.89585,-6.6142197,-25.20859,-25.139341,2.9419136,-49.87483,-49.896255,-6.6342773,-25.25871,-25.15207,-3.5433922,-49.94269,-49.998634,2.5491943,-25.288418,-26.021746,-3.546238,-49.942677,-49.998615,2.5369682,-25.32022,-26.138252
15.504166,-45.91015,-45.84449,-18.111504,-36.66297,-32.576115,15.509819,-45.91476,-45.832905,-18.11052,-36.658764,-32.58364,-15.999371,-46.44101,-49.644707,14.39933,-34.04051,-35.047264,-15.999115,-46.44395,-49.641953,14.39772,-34.064205,-35.117065
22.377228,-35.313744,-35.838905,-24.070719,-49.403973,-42.36408,22.38459,-35.31324,-35.881565,-24.078556,-49.385147,-42.33816,-23.304195,-35.673706,-38.50229,20.587173,-45.070984,-45.468155,-23.305414,-35.67074,-38.493393,20.582878,-44.98947,-45.50942
21.16594,-26.579,-27.017303,-22.391365,-50.0,-49.510414,21.17566,-26.56525,-26.978794,-22.389688,-50.0,-49.50701,-22.375261,-27.029205,-27.556194,19.278091,-49.952785,-49.988434,-22.37488,-27.024754,-27.547829,19.27417,-49.94949,-49.988026
13.420673,-21.863476,-21.226217,-14.289757,-50.0,-49.83888,13.435036,-21.862022,-21.188381,-14.305435,-50.0,-49.83864,-14.997814,-22.644154,-21.526958,11.551933,-49.991158,-49.98882,-14.999996,-22.646717,-21.545637,11.544945,-49.990803,-49.98818
1.7755356,-22.800545,-20.696678,-2.5957909,-50.0,-49.83132,1.8132362,-22.812212,-20.549868,-2.6248245,-50.0,-49.831573,-4.056473,-23.310871,-22.33664,-1.0619202,-49.991215,-49.975353,-4.0603256,-23.316788,-22.315943,-1.0758362,-49.990864,-49.974777
-10.529114,-30.03286,-25.673748,9.7114105,-49.998608,-48.21059,-10.50153,-30.051113,-25.745167,9.678112,-49.99847,-48.207188,8.427704,-29.889233,-28.7191,-13.559307,-49.598927,-49.273567,8.422703,-29.902119,-28.717613,-13.570587,-49.5881,-49.27128
-19.059448,-40.223297,-35.883835,18.057938,-44.56861,-37.178654,-19.069221,-40.21064,-35.913948,18.054886,-44.49572,-37.173748,17.995056,-40.508514,-40.861565,-22.039646,-39.584885,-38.689793,17.994324,-40.507256,-40.860043,-22.039417,-39.5567,-38.721455
-19.791365,-49.737564,-48.06173,18.745392,-28.814604,-25.632086,-19.772182,-49.734364,-48.0893,18.741089,-28.767513,-25.63906,18.94706,-49.884724,-49.999516,-22.070543,-27.363968,-27.296125,18.946266,-49.884315,-49.999504,-22.078014,-27.361488,-27.268951
-13.208424,-49.980263,-49.99044,10.297577,-20.683224,-20.676405,-13.1606865,-49.979855,-49.99062,10.283463,-20.616276,-20.709574,11.4745865,-49.999622,-49.99959,-14.55928,-21.103191,-20.566639,11.4720955,-49.999622,-49.99958,-14.574425,-21.11048,-20.617466
-1.4958878,-49.958984,-49.923473,-1.8737717,-22.546396,-22.900505,-1.4510651,-49.958366,-49.92421,-1.8938904,-22.51308,-22.919563,0.42282486,-49.990364,-49.998924,-2.3416367,-22.679218,-22.215273,0.41996384,-49.990353,-49.998905,-2.3557892,-22.683537,-22.363493
11.898422,-48.940193,-47.89009,-14.5657425,-31.582773,-29.243258,11.912827,-48.937412,-47.887054,-14.570877,-31.62663,-29.251993,-12.871872,-48.903416,-49.951942,10.658207,-29.910435,-30.030106,-12.872532,-48.904057,-49.951515,10.653877,-29.94814,-30.084217
20.972603,-39.485924,-38.013756,-22.743778,-45.177208,-38.627758,20.964806,-39.488125,-38.026436,-22.727987,-45.16573,-38.62824,-21.78752,-40.05236,-42.64128,19.328056,-40.424473,-39.81565,-21.785053,-40.053288,-42.61063,19.330185,-40.415462,-39.89605
22.466614,-29.544127,-28.222584,-24.25238,-49.999958,-48.61546,22.483307,-29.545223,-28.2254,-24.265184,-49.999947,-48.604847,-23.757156,-29.59883,-30.597702,20.612717,-49.777233,-49.866947,-23.758827,-29.596453,-30.632143,20.605843,-49.7627,-49.865242
16.458244,-22.772882,-21.841267,-17.53888,-50.0,-49.79467,16.472763,-22.778284,-21.796963,-17.555126,-50.0,-49.79407,-18.385515,-23.437904,-22.495157,14.635757,-49.98849,-49.989735,-18.387564,-23.443993,-22.481205,14.629044,-49.987965,-49.98916
5.9817467,-21.984692,-19.695465,-6.674629,-50.0,-49.85362,6.0109177,-21.987963,-19.567205,-6.6996155,-50.0,-49.853836,-8.239342,-22.52517,-20.97174,3.515911,-49.992016,-49.981644,-8.242767,-22.528404,-20.982899,3.5042763,-49.99173,-49.98091
-6.5566216,-26.894114,-22.164402,5.8343887,-49.999996,-49.491547,-6.5269127,-26.911037,-22.178518,5.805977,-49.999992,-49.491096,4.099106,-27.185068,-25.912663,-9.956245,-49.936157,-49.807316,4.0949173,-27.195671,-25.865107,-9.96706,-49.93345,-49.80723
-16.547787,-37.03049,-33.036587,15.612595,-48.08135,-40.265476,-16.522755,-37.038994,-33.089157,15.585564,-48.03492,-40.246563,15.06572,-36.797836,-35.987495,-19.59208,-43.102398,-42.736122,15.061684,-36.809944,-36.05977,-19.603651,-43.04653,-42.65342
