-33,-22,-87,45,-49,32,21,-5,70,-53,-93,-45,-9,-88,-61,-85,-50,-60,38,8,-12,34,89,87
8.581581,-23.205053,-21.962177,9.15934,-21.22709,-21.53198,7.906143,-23.874317,-22.514225,8.939415,-21.247055,-20.748816,8.576286,-23.271473,-21.190014,8.016434,-23.311207,-20.407751,7.3925743,-21.13043,-18.714445,9.027859,-21.123676,-21.141605
7.934002,-22.167883,-22.322302,7.9285583,-21.25119,-21.319296,8.307438,-22.194706,-21.608444,8.408455,-21.225655,-21.292675,8.9338,-22.274769,-22.302498,7.9326477,-21.360374,-21.718647,7.9245453,-22.35367,-22.28036,8.373573,-21.216839,-21.357735
8.0310135,-22.085611,-22.301977,7.956093,-21.318758,-21.370205,8.453812,-22.15028,-21.622654,8.401836,-21.246677,-21.347584,8.881348,-22.218143,-22.239468,8.011261,-21.45224,-21.766653,7.9657288,-22.222956,-22.218708,8.459782,-21.221962,-21.406528
8.059544,-22.04096,-22.245827,7.948105,-21.35748,-21.415766,8.495346,-22.102882,-21.59168,8.37006,-21.284233,-21.390755,8.838707,-22.16831,-22.185074,8.036076,-21.50131,-21.823612,7.9509277,-22.172546,-22.168896,8.500637,-21.254738,-21.454418
8.07806,-22.006817,-22.204937,7.941078,-21.387794,-21.449268,8.525002,-22.066769,-21.568184,8.347595,-21.312922,-21.422995,8.809082,-22.132776,-22.144585,8.053345,-21.537487,-21.865442,7.9415703,-22.136019,-22.13235,8.531227,-21.277103,-21.489923
8.091408,-21.982044,-22.175182,7.936096,-21.409796,-21.473644,8.54649,-22.04055,-21.551151,8.331413,-21.333755,-21.446362,8.787636,-22.107056,-22.115116,8.065819,-21.563766,-21.895712,7.9348946,-22.109472,-22.105837,8.553398,-21.293438,-21.515722
8.101051,-21.964104,-22.153618,7.9324875,-21.425732,-21.491299,8.562046,-22.021551,-21.53881,8.319702,-21.348846,-21.463278,8.77211,-22.088428,-22.093754,8.074844,-21.582796,-21.91762,7.930065,-22.090246,-22.08663,8.569435,-21.305265,-21.534407
8.108032,-21.951105,-22.137995,7.9298706,-21.437265,-21.504076,8.573296,-22.007782,-21.529873,8.311218,-21.359768,-21.475525,8.760864,-22.074936,-22.078283,8.081379,-21.59657,-21.93348,7.9265747,-22.07632,-22.07272,8.581047,-21.313835,-21.547932
8.113083,-21.941696,-22.126677,7.9279747,-21.445614,-21.513329,8.581432,-21.997822,-21.523397,8.305073,-21.367676,-21.48439,8.752716,-22.065166,-22.06708,8.086109,-21.60654,-21.944958,7.9240417,-22.066235,-22.062643,8.589447,-21.320038,-21.557722
8.116741,-21.934875,-22.118488,7.926605,-21.451662,-21.520027,8.5873375,-21.990604,-21.518711,8.300621,-21.373404,-21.49081,8.746819,-22.05809,-22.058966,8.089527,-21.61376,-21.953262,7.922207,-22.058935,-22.055344,8.595535,-21.324522,-21.564808
8.119392,-21.92994,-22.112556,7.9256134,-21.456043,-21.524876,8.591606,-21.985367,-21.515316,8.297401,-21.377548,-21.495459,8.742546,-22.05297,-22.053085,8.0920105,-21.618986,-21.959286,7.9208794,-22.053646,-22.050058,8.59993,-21.327772,-21.569942
8.121307,-21.926367,-22.108252,7.9248886,-21.459215,-21.528393,8.594696,-21.981585,-21.512856,8.295059,-21.38055,-21.498825,8.739441,-22.049255,-22.048828,8.093803,-21.622772,-21.963644,7.919918,-22.049816,-22.046234,8.603127,-21.330126,-21.57366
8.122704,-21.923773,-22.105143,7.92437,-21.46151,-21.530941,8.596935,-21.978844,-21.511074,8.2933655,-21.382723,-21.501265,8.737202,-22.046568,-22.045744,8.095108,-21.625517,-21.966799,7.91922,-22.047039,-22.043453,8.605431,-21.331835,-21.576351
8.123707,-21.9219,-22.102886,7.923996,-21.46317,-21.532774,8.5985565,-21.976854,-21.509783,8.292141,-21.384304,-21.503033,8.73558,-22.044622,-22.043512,8.09605,-21.627504,-21.969088,7.9187164,-22.045029,-22.04145,8.607105,-21.333067,-21.578304
8.124432,-21.92054,-22.101252,7.923729,-21.464376,-21.534115,8.599724,-21.975414,-21.508848,8.291252,-21.385448,-21.50431,8.7344055,-22.043211,-22.041893,8.096729,-21.62894,-21.97074,7.918354,-22.043571,-22.039995,8.608318,-21.333963,-21.579716
8.124962,-21.919558,-22.100069,7.923527,-21.465244,-21.53508,8.600578,-21.974377,-21.508175,8.290615,-21.386269,-21.505234,8.733555,-22.04219,-22.040722,8.097225,-21.629984,-21.971935,7.918087,-22.042519,-22.038944,8.609196,-21.334612,-21.580742
8.125347,-21.918848,-22.099216,7.9233856,-21.465874,-21.535774,8.601192,-21.973625,-21.507683,8.290146,-21.386868,-21.505907,8.732941,-22.041452,-22.039875,8.09758,-21.630733,-21.972805,7.9178963,-22.041758,-22.038183,8.609829,-21.33508,-21.581478
8.125626,-21.918327,-22.098595,7.923275,-21.466333,-21.536283,8.601646,-21.973074,-21.507328,8.289814,-21.387295,-21.50639,8.732491,-22.040913,-22.039259,8.097843,-21.63128,-21.973438,7.917755,-22.041199,-22.037628,8.610291,-21.335419,-21.582012
8.12582,-21.917953,-22.098143,7.9232063,-21.466667,-21.536654,8.601967,-21.972677,-21.50707,8.28957,-21.387613,-21.506746,8.732166,-22.040527,-22.038813,8.098026,-21.631678,-21.973894,7.917656,-22.040802,-22.037228,8.610619,-21.335667,-21.582401
8.125961,-21.917686,-22.09782,7.923149,-21.466902,-21.536913,8.602196,-21.972391,-21.506886,8.289398,-21.38784,-21.506994,8.731934,-22.04025,-22.038498,8.098164,-21.631962,-21.974218,7.9175873,-22.040518,-22.036938,8.610863,-21.335842,-21.58268
8.126072,-21.917492,-22.097588,7.923111,-21.467077,-21.537106,8.602367,-21.972187,-21.50675,8.289265,-21.388,-21.507177,8.731766,-22.040043,-22.038261,8.098259,-21.632168,-21.974459,7.917534,-22.040302,-22.036728,8.611034,-21.335972,-21.582886
8.126144,-21.917345,-22.097416,7.9230843,-21.467205,-21.537247,8.602489,-21.972034,-21.506653,8.289169,-21.388123,-21.50731,8.731644,-22.039894,-22.038095,8.098335,-21.63232,-21.97463,7.917488,-22.04015,-22.03658,8.611164,-21.336063,-21.583033
8.126202,-21.917246,-22.09729,7.9230537,-21.467295,-21.53735,8.602577,-21.97193,-21.506586,8.289104,-21.388208,-21.507414,8.731556,-22.039787,-22.037971,8.098377,-21.632425,-21.974756,7.917465,-22.040043,-22.036467,8.611259,-21.336134,-21.58314
8.126244,-21.917171,-22.097197,7.923046,-21.467365,-21.537422,8.602642,-21.971848,-21.506529,8.289055,-21.388275,-21.507483,8.731491,-22.039711,-22.03788,8.098419,-21.632507,-21.974852,7.917446,-22.039963,-22.036385,8.611328,-21.336184,-21.583216
8.1262665,-21.917116,-22.097132,7.9230347,-21.467411,-21.537474,8.602692,-21.971786,-21.506493,8.289024,-21.388317,-21.507532,8.7314415,-22.03966,-22.037815,8.098446,-21.632565,-21.974915,7.9174347,-22.039902,-22.036327,8.61137,-21.336216,-21.583273
8.126293,-21.917076,-22.097088,7.923027,-21.467445,-21.537516,8.602718,-21.971748,-21.50647,8.288994,-21.38835,-21.507568,8.731407,-22.039616,-22.03777,8.098465,-21.632607,-21.97496,7.9174194,-22.039862,-22.036285,8.611408,-21.336243,-21.583317
8.126312,-21.91705,-22.097054,7.9230194,-21.467468,-21.537537,8.602749,-21.97172,-21.506445,8.288979,-21.38837,-21.507597,8.731384,-22.039585,-22.037735,8.09848,-21.632637,-21.974998,7.917412,-22.039833,-22.036257,8.611431,-21.336262,-21.583345
8.12632,-21.917027,-22.09703,7.9230156,-21.467491,-21.537561,8.602768,-21.971695,-21.506435,8.288963,-21.38839,-21.507616,8.731365,-22.039566,-22.037712,8.098492,-21.63266,-21.97502,7.917404,-22.03981,-22.036232,8.611446,-21.336277,-21.583364
8.1263275,-21.917011,-22.097012,7.923012,-21.467503,-21.537573,8.602776,-21.971684,-21.506424,8.288952,-21.3884,-21.507627,8.731354,-22.039555,-22.037697,8.098503,-21.632673,-21.975039,7.917404,-22.039795,-22.036217,8.611465,-21.336287,-21.583378
8.126331,-21.917004,-22.096998,7.923012,-21.46751,-21.537586,8.602787,-21.971672,-21.506416,8.288948,-21.388414,-21.507635,8.731342,-22.03954,-22.037685,8.098503,-21.632683,-21.975052,7.9174004,-22.03978,-22.036207,8.611473,-21.336292,-21.583393
8.126335,-21.916996,-22.096992,7.923008,-21.467518,-21.537594,8.602791,-21.971663,-21.506413,8.28894,-21.388416,-21.507645,8.731331,-22.039532,-22.03767,8.098507,-21.632692,-21.97506,7.9174004,-22.039774,-22.0362,8.611481,-21.336296,-21.5834
8.126335,-21.916992,-22.096985,7.923008,-21.467518,-21.5376,8.602795,-21.971653,-21.506407,8.288937,-21.388424,-21.507648,8.731331,-22.039526,-22.037663,8.098511,-21.6327,-21.975067,7.9173965,-22.039766,-22.03619,8.611488,-21.3363,-21.583406
8.126343,-21.916983,-22.096977,7.923008,-21.467524,-21.5376,8.602798,-21.971647,-21.506403,8.288933,-21.388428,-21.507654,8.731327,-22.03952,-22.037659,8.098511,-21.632706,-21.97507,7.9173965,-22.03976,-22.036188,8.611488,-21.336306,-21.583412
8.126343,-21.916983,-22.096975,7.923008,-21.46753,-21.537605,8.602806,-21.971647,-21.506403,8.288933,-21.388432,-21.507656,8.731323,-22.039516,-22.037657,8.098518,-21.632708,-21.975077,7.9173965,-22.03976,-22.036182,8.611488,-21.336308,-21.583416
8.126343,-21.91698,-22.096973,7.923008,-21.467533,-21.537607,8.602806,-21.971647,-21.506403,8.288933,-21.388433,-21.50766,8.731323,-22.039516,-22.037657,8.098518,-21.63271,-21.975077,7.917389,-22.039759,-22.036182,8.611488,-21.336306,-21.583414
8.126343,-21.916979,-22.09697,7.923008,-21.467533,-21.537607,8.602806,-21.971645,-21.506397,8.288925,-21.388432,-21.50766,8.731323,-22.03951,-22.037651,8.098518,-21.63271,-21.975082,7.917389,-22.039757,-22.03618,8.611492,-21.33631,-21.583416
8.126343,-21.916979,-22.09697,7.923008,-21.467533,-21.53761,8.602806,-21.971643,-21.506397,8.288933,-21.388433,-21.507664,8.731323,-22.03951,-22.03765,8.098518,-21.63271,-21.97508,7.917389,-22.039755,-22.036179,8.611492,-21.336308,-21.583422
8.126343,-21.916979,-22.096968,7.923008,-21.467533,-21.53761,8.602806,-21.971645,-21.506397,8.288933,-21.388435,-21.507662,8.731323,-22.03951,-22.037651,8.098518,-21.632711,-21.97508,7.917389,-22.039755,-22.03618,8.611496,-21.336311,-21.58342
8.126343,-21.916977,-22.09697,7.923008,-21.467535,-21.537613,8.602806,-21.971645,-21.506397,8.288933,-21.388433,-21.507662,8.731323,-22.03951,-22.03765,8.098518,-21.632713,-21.97508,7.917389,-22.039755,-22.036179,8.611492,-21.33631,-21.583422
8.126343,-21.916979,-22.09697,7.923008,-21.467533,-21.537607,8.602806,-21.971645,-21.506397,8.288933,-21.388433,-21.507662,8.731323,-22.03951,-22.037651,8.098518,-21.63271,-21.97508,7.9173965,-22.039757,-22.036179,8.611496,-21.336308,-21.583416
8.126343,-21.916979,-22.09697,7.923008,-21.467533,-21.537607,8.602806,-21.971645,-21.506397,8.288933,-21.388433,-21.50766,8.731323,-22.039513,-22.037651,8.098518,-21.63271,-21.97508,7.917389,-22.039757,-22.036182,8.611488,-21.336308,-21.583416
8.126343,-21.91698,-22.096973,7.923008,-21.467535,-21.537607,8.602806,-21.971647,-21.506403,8.288933,-21.388433,-21.50766,8.731323,-22.039516,-22.037651,8.098518,-21.63271,-21.97508,7.9173965,-22.039759,-22.036182,8.611488,-21.336308,-21.583416
8.126343,-21.916983,-22.09697,7.923008,-21.467533,-21.53761,8.602806,-21.971647,-21.506397,8.288933,-21.388428,-21.50766,8.731323,-22.039516,-22.037651,8.098511,-21.63271,-21.975079,7.917389,-22.039759,-22.036182,8.611488,-21.336306,-21.583416
8.126343,-21.916979,-22.096973,7.923008,-21.467535,-21.53761,8.602806,-21.971645,-21.506403,8.288933,-21.388433,-21.50766,8.731323,-22.039516,-22.037651,8.098518,-21.63271,-21.97508,7.917389,-22.039759,-22.036182,8.611492,-21.336308,-21.583416
8.126343,-21.916977,-22.09697,7.923008,-21.467535,-21.537611,8.602806,-21.971645,-21.506397,8.288925,-21.388433,-21.507662,8.731323,-22.03951,-22.037651,8.098518,-21.632713,-21.975082,7.917389,-22.039755,-22.036179,8.611492,-21.33631,-21.583422
8.126343,-21.916979,-22.09697,7.923008,-21.467533,-21.53761,8.602806,-21.971643,-21.506397,8.288933,-21.388433,-21.507664,8.731323,-22.03951,-22.037651,8.098518,-21.632711,-21.97508,7.917389,-22.039755,-22.036179,8.611496,-21.336308,-21.583416
8.126343,-21.916979,-22.096968,7.923008,-21.467533,-21.53761,8.602806,-21.971645,-21.506397,8.288933,-21.388433,-21.507664,8.731323,-22.03951,-22.03765,8.098518,-21.63271,-21.97508,7.9173965,-22.039757,-22.036179,8.611492,-21.336308,-21.583422
8.126343,-21.916979,-22.09697,7.923008,-21.467535,-21.53761,8.602806,-21.971643,-21.506397,8.288933,-21.388433,-21.507662,8.731323,-22.03951,-22.03765,8.098518,-21.632711,-21.97508,7.917389,-22.039755,-22.036179,8.611492,-21.336308,-21.583422
8.126343,-21.916979,-22.09697,7.923008,-21.467533,-21.537607,8.602806,-21.971645,-21.506401,8.288933,-21.388433,-21.50766,8.731323,-22.039513,-22.037651,8.098518,-21.63271,-21.97508,7.917389,-22.039757,-22.036182,8.611492,-21.336308,-21.583416
8.126343,-21.916979,-22.096968,7.923008,-21.467533,-21.53761,8.602806,-21.971643,-21.506397,8.288925,-21.388433,-21.50766,8.731323,-22.03951,-22.03765,8.098518,-21.632713,-21.975082,7.917389,-22.039755,-22.036179,8.611492,-21.33631,-21.58342
8.126343,-21.916979,-22.09697,7.923008,-21.467533,-21.53761,8.602806,-21.971645,-21.506397,8.288933,-21.388433,-21.50766,8.731323,-22.039516,-22.03765,8.098518,-21.63271,-21.97508,7.9173965,-22.039757,-22.036182,8.611488,-21.33631,-21.583416
8.126343,-21.916983,-22.096973,7.923008,-21.467533,-21.53761,8.602798,-21.971647,-21.506397,8.288933,-21.388433,-21.50766,8.731323,-22.039516,-22.037651,8.098518,-21.63271,-21.975077,7.917389,-22.039759,-22.036182,8.611488,-21.336308,-21.583416
8.126343,-21.916979,-22.09697,7.923008,-21.467535,-21.53761,8.602806,-21.971645,-21.506403,8.288933,-21.388433,-21.50766,8.731323,-22.039513,-22.037651,8.098518,-21.63271,-21.97508,7.917389,-22.039757,-22.036182,8.611492,-21.336308,-21.583416
8.126343,-21.916977,-22.096968,7.923008,-21.467533,-21.53761,8.602806,-21.971645,-21.506397,8.288933,-21.388433,-21.507662,8.731323,-22.03951,-22.037655,8.098518,-21.63271,-21.97508,7.917389,-22.039757,-22.03618,8.611496,-21.33631,-21.583416
8.126343,-21.916979,-22.09697,7.923008,-21.467533,-21.53761,8.602806,-21.971645,-21.506397,8.288933,-21.388433,-21.507662,8.731323,-22.03951,-22.03765,8.098518,-21.632713,-21.97508,7.917389,-22.039755,-22.036179,8.611496,-21.33631,-21.58342
8.126343,-21.916979,-22.096968,7.923008,-21.467533,-21.537607,8.602806,-21.971645,-21.506397,8.288925,-21.388433,-21.507664,8.731323,-22.03951,-22.03765,8.098518,-21.632711,-21.97508,7.9173965,-22.039757,-22.036179,8.611492,-21.336308,-21.58342
8.126343,-21.916979,-22.09697,7.923008,-21.467533,-21.537607,8.602806,-21.971645,-21.506397,8.288933,-21.388433,-21.507664,8.731323,-22.03951,-22.03765,8.098518,-21.632713,-21.97508,7.917389,-22.039757,-22.036179,8.611492,-21.33631,-21.58342
8.126343,-21.916979,-22.096968,7.923008,-21.467533,-21.53761,8.602806,-21.971645,-21.506397,8.288925,-21.388433,-21.507662,8.731323,-22.03951,-22.037647,8.098518,-21.632713,-21.975086,7.917389,-22.039755,-22.036179,8.611492,-21.33631,-21.58342
8.126343,-21.916979,-22.09697,7.923008,-21.467533,-21.53761,8.602806,-21.971647,-21.506397,8.288933,-21.388433,-21.50766,8.731323,-22.03951,-22.03765,8.098518,-21.632713,-21.97508,7.917389,-22.039755,-22.036179,8.611492,-21.33631,-21.583416
8.126343,-21.916979,-22.09697,7.923008,-21.467533,-21.537607,8.602806,-21.971645,-21.506397,8.288933,-21.388433,-21.507662,8.731323,-22.03951,-22.037651,8.098518,-21.632711,-21.975077,7.917389,-22.039757,-22.036182,8.611496,-21.336308,-21.583416
8.126343,-21.916977,-22.09697,7.923008,-21.467533,-21.53761,8.602806,-21.971645,-21.506397,8.288925,-21.388433,-21.507662,8.731323,-22.03951,-22.037651,8.098518,-21.632711,-21.97508,7.917389,-22.039757,-22.036182,8.611492,-21.336308,-21.583416
8.126343,-21.916977,-22.09697,7.923008,-21.467535,-21.53761,8.602806,-21.971645,-21.506397,8.288925,-21.388433,-21.507662,8.731323,-22.03951,-22.037651,8.098518,-21.632711,-21.97508,7.917389,-22.039757,-22.036179,8.611492,-21.336306,-21.583416
8.126343,-21.916977,-22.096966,7.923008,-21.467535,-21.53761,8.602806,-21.971645,-21.506397,8.288925,-21.388433,-21.507664,8.731323,-22.03951,-22.03765,8.098518,-21.632713,-21.975086,7.917389,-22.039755,-22.036179,8.611496,-21.33631,-21.583422
8.126343,-21.916977,-22.096966,7.923008,-21.467533,-21.53761,8.602806,-21.971645,-21.506397,8.288925,-21.388433,-21.507664,8.731323,-22.03951,-22.037647,8.098518,-21.632713,-21.97508,7.917389,-22.039755,-22.036179,8.611492,-21.33631,-21.583416
8.126343,-21.916979,-22.096966,7.923008,-21.467533,-21.53761,8.602806,-21.971645,-21.506401,8.288933,-21.388433,-21.507662,8.731323,-22.03951,-22.037651,8.098518,-21.63271,-21.97508,7.917389,-22.039757,-22.036179,8.611492,-21.336308,-21.583422
8.126343,-21.916979,-22.096968,7.923008,-21.467533,-21.53761,8.602806,-21.971645,-21.506397,8.288933,-21.388433,-21.507662,8.731323,-22.039516,-22.037651,8.098518,-21.63271,-21.97508,7.917389,-22.039757,-22.036179,8.611492,-21.336306,-21.583416
8.126343,-21.916979,-22.09697,7.923008,-21.467533,-21.537607,8.602806,-21.971645,-21.506397,8.288933,-21.388433,-21.507662,8.731323,-22.03951,-22.03765,8.098518,-21.63271,-21.97508,7.917389,-22.039757,-22.036182,8.611492,-21.336308,-21.583416
8.126343,-21.916979,-22.09697,7.923008,-21.467533,-21.53761,8.602806,-21.971645,-21.506401,8.288933,-21.388433,-21.50766,8.731323,-22.03951,-22.03765,8.098518,-21.632713,-21.97508,7.917389,-22.039755,-22.036179,8.611492,-21.33631,-21.583422
8.126343,-21.916979,-22.09697,7.923008,-21.467533,-21.537607,8.602806,-21.971645,-21.506397,8.288933,-21.388433,-21.50766,8.731323,-22.03951,-22.037651,8.098518,-21.632711,-21.97508,7.917389,-22.039757,-22.036182,8.611492,-21.336308,-21.583416
8.126343,-21.916979,-22.09697,7.923008,-21.467533,-21.537607,8.602806,-21.971645,-21.506397,8.288925,-21.388433,-21.507662,8.731323,-22.03951,-22.03765,8.098518,-21.632713,-21.97508,7.917389,-22.039755,-22.036179,8.611492,-21.33631,-21.58342
8.126343,-21.916979,-22.09697,7.923008,-21.467533,-21.537607,8.602806,-21.971645,-21.506397,8.288933,-21.388433,-21.50766,8.731323,-22.03951,-22.03765,8.098518,-21.63271,-21.97508,7.917389,-22.039755,-22.03618,8.611492,-21.33631,-21.583422
8.126343,-21.916979,-22.09697,7.923008,-21.467535,-21.53761,8.602806,-21.971645,-21.506397,8.288933,-21.388433,-21.507662,8.731323,-22.039516,-22.037651,8.098518,-21.63271,-21.97508,7.9173965,-22.039759,-22.036179,8.611492,-21.336308,-21.583416
8.126343,-21.916983,-22.09697,7.923008,-21.46753,-21.53761,8.602806,-21.971647,-21.506403,8.288937,-21.388433,-21.50766,8.731323,-22.039516,-22.03765,8.098518,-21.632711,-21.97508,7.9173965,-22.039759,-22.036182,8.611492,-21.336308,-21.583416
8.126343,-21.916979,-22.096973,7.923008,-21.467535,-21.53761,8.602806,-21.971645,-21.506403,8.288933,-21.388433,-21.50766,8.731323,-22.03951,-22.037651,8.098518,-21.63271,-21.975079,7.917389,-22.039759,-22.036182,8.611492,-21.336308,-21.583416
8.126343,-21.916979,-22.09697,7.923008,-21.467533,-21.537611,8.602806,-21.971643,-21.506397,8.288925,-21.388433,-21.50766,8.731323,-22.03951,-22.037651,8.098518,-21.632713,-21.975082,7.917389,-22.039755,-22.036179,8.611492,-21.33631,-21.583416
8.126343,-21.916979,-22.096966,7.923008,-21.467533,-21.53761,8.602806,-21.971645,-21.506403,8.288933,-21.388433,-21.507662,8.731323,-22.039516,-22.03765,8.098518,-21.63271,-21.97508,7.917389,-22.039757,-22.036182,8.611492,-21.336308,-21.583422
8.126343,-21.916979,-22.096966,7.923008,-21.467533,-21.53761,8.602806,-21.971647,-21.506397,8.288925,-21.388432,-21.507662,8.731323,-22.03951,-22.037651,8.098518,-21.632711,-21.97508,7.917389,-22.039757,-22.036179,8.611496,-21.336306,-21.583416
8.126343,-21.916973,-22.09697,7.923008,-21.467533,-21.53761,8.602806,-21.971645,-21.506397,8.288925,-21.388433,-21.507662,8.731323,-22.03951,-22.037651,8.098518,-21.632711,-21.975082,7.917389,-22.039755,-22.036179,8.611496,-21.336308,-21.583416
8.126343,-21.916973,-22.09697,7.923008,-21.467533,-21.53761,8.602806,-21.971645,-21.506397,8.288925,-21.388433,-21.507664,8.731323,-22.03951,-22.037651,8.098518,-21.632713,-21.975082,7.917389,-22.039755,-22.036179,8.611496,-21.33631,-21.58342
8.126343,-21.916973,-22.096966,7.923008,-21.467533,-21.537611,8.602806,-21.971643,-21.506397,8.288925,-21.388433,-21.507664,8.731323,-22.03951,-22.03765,8.098518,-21.632713,-21.975086,7.917389,-22.039755,-22.036179,8.611496,-21.336311,-21.583422
8.126343,-21.916977,-22.09697,7.923008,-21.467535,-21.53761,8.602806,-21.971643,-21.506397,8.288933,-21.388433,-21.507664,8.731323,-22.03951,-22.03765,8.098518,-21.632713,-21.97508,7.917389,-22.039755,-22.036179,8.611496,-21.33631,-21.583416
8.126343,-21.916977,-22.09697,7.923008,-21.467535,-21.537613,8.602806,-21.971645,-21.506401,8.288933,-21.388433,-21.507662,8.731323,-22.03951,-22.03765,8.098518,-21.632711,-21.97508,7.917389,-22.039755,-22.036182,8.611492,-21.336308,-21.583422
8.126343,-21.916979,-22.096966,7.923008,-21.467533,-21.53761,8.602806,-21.971645,-21.506401,8.288933,-21.388433,-21.507662,8.731323,-22.03951,-22.03765,8.098518,-21.632711,-21.97508,7.9173965,-22.039755,-22.036179,8.611492,-21.336308,-21.583416
8.126343,-21.91698,-22.09697,7.923008,-21.467533,-21.53761,8.602806,-21.971647,-21.506397,8.288933,-21.388432,-21.50766,8.731323,-22.03951,-22.037651,8.098518,-21.63271,-21.97508,7.917389,-22.039757,-22.03618,8.611492,-21.336308,-21.583416
8.126343,-21.916979,-22.09697,7.923008,-21.467533,-21.537607,8.602806,-21.971645,-21.506397,8.288933,-21.388435,-21.507662,8.731323,-22.03951,-22.03765,8.098518,-21.632711,-21.97508,7.917389,-22.039755,-22.036179,8.611492,-21.336308,-21.583422
8.126343,-21.916979,-22.096966,7.923008,-21.467533,-21.53761,8.602806,-21.971645,-21.506397,8.288933,-21.388433,-21.50766,8.731323,-22.03951,-22.037651,8.098518,-21.632713,-21.97508,7.917389,-22.039755,-22.03618,8.611492,-21.336311,-21.583422
8.126343,-21.916979,-22.09697,7.923008,-21.467533,-21.53761,8.602806,-21.971645,-21.506397,8.288925,-21.388433,-21.50766,8.731323,-22.03951,-22.03765,8.098518,-21.63271,-21.97508,7.9173965,-22.039757,-22.03618,8.611492,-21.33631,-21.583416
8.126343,-21.916979,-22.09697,7.923008,-21.467533,-21.537607,8.602806,-21.971645,-21.506397,8.288933,-21.388433,-21.50766,8.731323,-22.039513,-22.037651,8.098518,-21.632713,-21.97508,7.917389,-22.039757,-22.036182,8.611492,-21.336308,-21.583416
8.126343,-21.916979,-22.09697,7.923008,-21.467533,-21.537607,8.602806,-21.971645,-21.506397,8.288933,-21.388433,-21.50766,8.731323,-22.03951,-22.037651,8.098518,-21.632713,-21.97508,7.917389,-22.039757,-22.036182,8.611492,-21.33631,-21.583416
8.126343,-21.916979,-22.096968,7.923008,-21.467533,-21.537607,8.602806,-21.971645,-21.506397,8.288925,-21.388433,-21.507662,8.731323,-22.03951,-22.03765,8.098518,-21.632711,-21.97508,7.917389,-22.039755,-22.036179,8.611492,-21.33631,-21.583416
8.126343,-21.916973,-22.09697,7.923008,-21.467537,-21.537611,8.602806,-21.971643,-21.506397,8.288925,-21.388433,-21.507664,8.731323,-22.03951,-22.037651,8.098518,-21.632713,-21.97508,7.917389,-22.039755,-22.036179,8.611492,-21.336308,-21.583422
8.126343,-21.916979,-22.09697,7.923008,-21.467535,-21.53761,8.602806,-21.971645,-21.506397,8.288933,-21.388433,-21.507664,8.731323,-22.03951,-22.03765,8.098518,-21.632713,-21.975082,7.917389,-22.039755,-22.036179,8.611496,-21.33631,-21.583416
8.126343,-21.916979,-22.09697,7.923008,-21.467535,-21.53761,8.602806,-21.971647,-21.506403,8.288933,-21.388433,-21.507662,8.731323,-22.039513,-22.03765,8.098518,-21.632713,-21.97508,7.917389,-22.039757,-22.036179,8.611496,-21.336308,-21.583416
8.126343,-21.916979,-22.09697,7.923008,-21.467535,-21.53761,8.602806,-21.971645,-21.506401,8.288933,-21.388433,-21.50766,8.731323,-22.03951,-22.037651,8.098518,-21.632711,-21.97508,7.917389,-22.039755,-22.036179,8.611492,-21.336308,-21.58342
8.126343,-21.91698,-22.09697,7.923008,-21.467533,-21.537607,8.602806,-21.971645,-21.506401,8.288933,-21.388433,-21.507662,8.731323,-22.03951,-22.037651,8.098518,-21.632713,-21.97508,7.917389,-22.039757,-22.036182,8.611492,-21.33631,-21.583416
8.126343,-21.916979,-22.096975,7.923008,-21.467533,-21.537607,8.602806,-21.971645,-21.506401,8.288925,-21.388433,-21.50766,8.731323,-22.039516,-22.037655,8.098518,-21.63271,-21.97508,7.917389,-22.039759,-22.036182,8.611492,-21.336308,-21.583416
8.126343,-21.916977,-22.096968,7.923008,-21.467535,-21.537611,8.602806,-21.971643,-21.506397,8.288925,-21.388433,-21.507662,8.731323,-22.03951,-22.03765,8.098518,-21.632713,-21.975086,7.917389,-22.039753,-22.036179,8.611496,-21.33631,-21.583422
8.126343,-21.916973,-22.09697,7.923008,-21.467533,-21.537613,8.602806,-21.971643,-21.506397,8.288925,-21.388433,-21.507662,8.731323,-22.039509,-22.037651,8.098518,-21.632713,-21.97508,7.917389,-22.039755,-22.036179,8.611496,-21.336311,-21.58342
8.126343,-21.916977,-22.096968,7.923008,-21.467533,-21.537613,8.602806,-21.971645,-21.506397,8.288925,-21.388433,-21.507664,8.731323,-22.03951,-22.03765,8.098518,-21.632713,-21.975082,7.917389,-22.039755,-22.036179,8.611496,-21.336308,-21.58342
8.126343,-21.916979,-22.096968,7.923008,-21.467533,-21.53761,8.602806,-21.971645,-21.506397,8.288933,-21.388433,-21.507664,8.731323,-22.03951,-22.037651,8.098518,-21.632713,-21.97508,7.917389,-22.039755,-22.036182,8.611496,-21.33631,-21.583416
