-19,-78,86,-91,63,-80,91,-98,11,-70,-50,14,-43,54,85,64,-84,-30,-39,53,-61,43,94,-94
23.855117303342624,-2.8763710811221586,-3.4501749987864088,-27.94515816343361,-48.964373140717825,-49.281349638241316,23.307092084187857,1.1579530935761113,-1.0637724743221497,-28.397790338631907,-50.83280013503908,-50.23014930308014,-28.093779695673675,-2.580578905131887,-1.685500840688178,23.364519605457815,-49.499188413174,-47.937691552899416,-25.897425304149188,-0.8663289760907844,-1.3952587821382991,23.623502399037818,-50.790926912293024,-48.44755041737149
13.022985876959766,-3.090427289085909,-2.853495031528851,-14.107634375404459,-50.304858212426495,-49.55568961376699,12.938867852581453,-1.0907283397491483,-2.7202266179254337,-13.07839162977055,-50.16922941108382,-50.58395201148978,-12.676286551996853,-3.3377135793228803,-2.4662712378922578,12.61796282163624,-50.887510563711174,-49.24039301808557,-12.601240851415781,-1.645680140259401,-2.918257019385109,13.652969582997812,-50.97777124739073,-49.34108013693542
2.910749537225854,-7.603961453136733,-7.453295841406884,-2.3619009160979516,-50.347739357139474,-49.71507640742305,2.675910550920534,-6.736622725814726,-6.991861522017814,-2.3382631520357506,-50.13963281804979,-50.435192972753995,-2.24216304713201,-6.984890079744929,-7.068046810597522,2.96533521198252,-50.74317356595401,-49.70604995726465,-2.1496305272277425,-6.575465944933981,-7.269535808473449,3.465545492517606,-50.94647572333479,-49.83201357139407
-7.0086522582662525,-19.19627251911143,-19.144699478536758,7.62323221754626,-49.8287227981978,-50.25463194577362,-7.163621839285312,-19.306132290285134,-18.750522338784457,7.515340723510718,-49.82624908889906,-50.20045763499621,7.536806436549881,-18.85133053225534,-19.342984864166738,-6.337543502764959,-50.263988774866135,-50.226299706580306,7.45721355381167,-19.05230091133768,-18.965820175022657,-6.677189269962469,-50.62537012892756,-50.18374887939164
-15.27207851227108,-35.53208734725266,-35.5800628813751,15.223123560816632,-46.11992150940501,-45.83981728353663,-15.118594997617848,-35.73943315434639,-35.60858778014362,15.130675056364026,-45.911184067226046,-46.11091730269651,15.084750770193693,-35.74365788698318,-35.752483686338934,-15.056390659840218,-46.08764825413929,-46.13700971797285,15.222781764456855,-35.78914408878153,-35.45974340994242,-15.314617347011563,-46.11905274647157,-46.042333916181825
-18.513579281612763,-47.163223153326385,-47.16640104099565,18.91316199881561,-32.925880851323456,-32.818628952600804,-18.550183520830814,-47.03625971595562,-46.802215423993154,18.539974730966193,-32.85293623112612,-32.79541988629474,18.69231370124804,-46.86736253528514,-47.07233659613655,-19.008155719733935,-32.82329967746372,-32.879391446275676,19.006526737303446,-47.14214766938109,-47.076242871326606,-18.65936835571803,-32.73545562421807,-32.68766377045587
-15.507955556840017,-49.648800045565444,-49.66714856281284,14.897399670124273,-23.018980027634136,-23.030723970081496,-15.402041500998266,-49.63582857568805,-49.67518335681814,14.888461386248224,-23.055462000813783,-23.120099242208,14.880568874919973,-49.790791221228375,-49.66533384197375,-15.577526509600816,-23.019457705387666,-22.962431523072823,14.873270635180177,-49.67907683091207,-49.73388819788899,-15.504377309099993,-23.069755185368862,-23.0578320794151
-7.195771754591846,-49.945156672363595,-49.99939532565599,7.226533861815724,-19.331258033588014,-19.419440833248267,-7.162577073816081,-49.969569413993746,-49.722091488400764,7.1621026915236,-19.47652611654513,-19.389812914955023,7.141459534003104,-49.79520595957757,-49.98560498607466,-7.168313412378225,-19.321134790598236,-19.498623269023796,7.289875850443764,-49.93104894246268,-49.90070944618033,-7.04833505969907,-19.49960279463798,-19.476189834520675
3.016058741989582,-49.932657126302345,-49.84083361529683,-3.4846315186224928,-24.92842413901579,-24.81922528533972,2.9443562625430957,-49.77975204259944,-49.88811364657076,-3.5317590433813137,-25.066941997839187,-24.942670042820914,-3.5761865975923683,-49.75345815956445,-49.72627567766298,3.0625175982344075,-24.844328672027387,-24.92748188735704,-3.567389414242342,-49.7211752514111,-49.784820457038265,3.049571175951826,-24.864671455555218,-24.838960390381594
12.140625054277521,-48.84838007096523,-48.89067873041523,-11.939924710185522,-36.325211478253614,-36.39885414760835,12.20206628770751,-48.88946267507379,-48.806613904287104,-12.141746840189228,-36.25608328440086,-36.204228713537695,-12.152400022801942,-48.94574917351448,-48.91510062627836,12.183036185378953,-36.290702931073646,-36.27235054442893,-11.969661670286598,-48.87675944437615,-48.94666012039156,12.139343607895398,-36.40263223594981,-36.19149402455963
17.356897233267375,-40.724956982908324,-40.63499421749638,-17.450823563231957,-47.10543805268576,-47.05368062412358,17.341351372654387,-40.684756204703504,-40.75724732183113,-17.33613156723105,-47.14038886382124,-47.26091182084483,-17.373568820023053,-40.58583676993385,-40.72183446461227,17.432403427272973,-47.11688524797708,-47.181428447274826,-17.490498787060872,-40.6504758729313,-40.70558789821585,17.307017029296375,-47.13357420632851,-47.21396667068014
15.890379179472092,-30.270528656477353,-30.307281364674516,-16.033277410004345,-49.99472581920965,-49.97972142387098,15.93133817646185,-30.170436739606046,-30.29838847223558,-15.861966082011563,-49.890193333870386,-50.04323451616448,-15.979577716854436,-30.28335770425025,-30.244680420538373,16.097728827897512,-50.04183184503317,-50.07771335730132,-15.95981131949884,-30.09364244290883,-30.207292849640254,16.011775759660523,-50.08069885065711,-49.90997037804486
9.218477654040953,-24.73651237410187,-24.65373224685741,-8.92974343745098,-49.9765348672512,-49.85789671650246,9.302478490971154,-25.00244114022496,-24.795603637539287,-8.95151716747796,-49.96067411206885,-49.885390119645834,-8.973132893035427,-24.798881740966046,-24.82063888411929,9.298962626539605,-49.96979511262418,-50.07376501222906,-9.015935535513663,-24.839759963346886,-24.826115940217846,9.257818895700396,-49.932890102007796,-49.98167517051398
-1.2945609948646393,-28.08642964156033,-28.05616673495976,1.1612827682462807,-49.9438479294671,-50.17509747404935,-1.4013926810605,-28.16461634452024,-28.082018288798643,1.0057110076299125,-50.057367921995564,-49.99193192336776,1.1071880534163228,-28.09133550263968,-28.183108302242616,-1.4761870942033681,-49.90154340330325,-50.10255456616174,1.06427579167746,-28.199837146299046,-28.113505925656256,-1.558183314526815,-49.960840302391105,-50.09572247545438
-10.924646708305374,-37.552283042534434,-37.480281959583515,10.528553600686564,-50.477584629099695,-50.54962724194435,-10.862829901026856,-37.54797020343938,-37.669269701784295,10.798793069225411,-50.57197033977293,-50.43036314757647,10.727931260023766,-37.664631480939065,-37.42169152722859,-10.72366273320904,-50.53220041661476,-50.526867168775794,10.56566245806475,-37.50247787681932,-37.66094936858909,-10.698920529312218,-50.510698167631375,-50.52575432967504
-16.92774099394387,-47.044556806355274,-46.953816671396616,17.164148799836454,-46.83584277181931,-46.796215210482956,-17.012226621390177,-47.154328960894134,-46.88886351446591,17.122120075583794,-46.84918114606051,-46.890704136658584,17.036171429749658,-46.851437610988,-47.07623782356974,-16.788687618522047,-46.82092538330367,-46.780425799598305,17.05539035511545,-46.96511901484623,-46.986815856991484,-16.98574377257352,-46.85366243950358,-46.88678418358917
-17.872406382708014,-49.682728487758794,-49.76688183620222,17.912202458195395,-36.76156939215314,-36.95736842357571,-17.88115797180172,-49.64081746482491,-49.71601306807027,17.831527127716356,-36.82651965184724,-36.78372996516176,17.904442629764077,-49.637771975938286,-49.668296417072455,-17.920308006485342,-36.75803251099214,-36.91744616824273,17.90505960238859,-49.70675273992433,-49.66141365320324,-17.70792914063263,-36.78355925622521,-36.891621004532304
-13.520744605293174,-49.774197909407505,-49.808935060387604,13.58236176688925,-29.06595327841977,-29.031924982070834,-13.554987116957449,-49.679093231226005,-49.99826065733648,13.709420955769275,-29.029394565772655,-29.116196155982436,13.652284005032044,-49.791349595435875,-49.72528170320851,-13.373468346189085,-29.09016079292317,-29.08514913414465,13.547803308717533,-49.71366308491153,-49.71431119468674,-13.41206730136392,-28.99085304870794,-29.056881799574292
-5.528891496164661,-49.74883160604825,-49.78473892642762,5.681016828540024,-26.938301221869956,-26.861674674441907,-5.546455299655946,-49.75263237420398,-49.537035807988616,5.581711615133699,-27.01072875120812,-27.017794044325903,5.479625570408601,-49.52999269522645,-49.728419262996624,-5.337877377049551,-26.921337777106864,-26.935897299937018,5.576107802096772,-49.75255339162498,-49.54683511378194,-5.504402298093481,-27.076216508611346,-27.062914777159598
4.831178705851897,-49.599697085339784,-49.513052989255094,-5.083734827368289,-32.69436282494909,-32.74327038827231,4.9069382414130445,-49.55795709152821,-49.43583628815614,-5.185659099678105,-32.74088534495105,-32.76169601919601,-5.139297546450379,-49.604883828935925,-49.43428206700749,4.87712540488188,-32.7231266170923,-32.653039374910044,-5.1900112787057395,-49.54986303451429,-49.49528036300701,4.873816619582243,-32.72868407263892,-32.772496470467445
12.915309924094842,-48.74819937491165,-48.808208557878785,-12.656138972152604,-42.66576834319429,-42.7434614569899,12.90806599031913,-48.76717037746863,-48.62468309752302,-12.896837613488103,-42.60719923789904,-42.5895099124067,-12.872064458226774,-48.7906972792958,-48.848812049504744,12.778829849287817,-42.559766512378424,-42.738039354219474,-12.662394989527428,-48.86153554276213,-48.77710063580133,12.862842911746611,-42.653244992448535,-42.56928873722298
16.55855519928633,-41.68605589410835,-41.61673126241543,-16.743530311274235,-49.26116951961684,-49.14167982962809,16.488066167429366,-41.578483316104695,-41.7232566802707,-16.628444395002028,-49.27867107909299,-49.40902731568622,-16.72912324007431,-41.55930412173037,-41.568445749853595,16.58306446986775,-49.314101069756894,-49.335309782133955,-16.810186450469743,-41.457911360559685,-41.50126066596686,16.63237421949573,-49.22744957001066,-49.267415653649394
14.398993020080155,-32.71035742591039,-32.692765266745894,-14.142938263583403,-50.122098880498314,-49.98688052504356,14.409168095870825,-32.66740020181983,-32.689454151218634,-14.016150722434489,-49.98304077885969,-50.12522260054967,-14.101595195699105,-32.69818457507885,-32.64966660387358,14.611161957674497,-50.23239000458839,-50.13574425155379,-14.071538637779625,-32.43750332052318,-32.61340401449541,14.595615493980532,-50.20916133420715,-49.96442915819129
7.278323728833456,-28.664748637779866,-28.564953827596753,-6.815507819743161,-49.92574844585728,-49.80301256970213,7.295083462217292,-28.85129452317741,-28.65040835960089,-6.924670805468168,-49.89151304663202,-49.84865838828863,-6.89795484401489,-28.665035783362946,-28.724893904200357,7.363345206585777,-49.926038856829884,-49.988591482179686,-6.901208301195027,-28.679255837038454,-28.69981594526542,7.297680517674351,-49.93542706067318,-49.88230542448607
-3.4712186856268517,-33.3181893362132,-33.33531365521504,3.1578515848411826,-49.99546553971305,-50.246663149150805,-3.5506462026515777,-33.25560130595441,-33.28866986990438,3.0508895268477403,-50.07445965688853,-50.07504837909072,3.143074943745603,-33.3764619817875,-33.449445730389705,-3.667014431858888,-49.94591515065625,-50.092494891838285,3.1738391698037134,-33.370845263689624,-33.36699467199177,-3.699457817706019,-50.07633056215977,-50.067152277314655
-12.096031113433185,-42.131341762480055,-42.082769447974286,11.793136555920654,-50.616789672105526,-50.59050104805968,-12.009219471709912,-42.06209791878697,-42.16899236874414,12.011240629678738,-50.673952273473375,-50.59441716201427,11.892977451953726,-42.155532619309895,-42.01678655807721,-12.019144061455123,-50.61417906573183,-50.46620668207175,11.82255514730545,-42.026869440352364,-42.237773433824295,-11.977249949964076,-50.60540399687363,-50.56806553445759
-17.17443948694914,-48.70020392173825,-48.6746747138465,17.181578880622467,-46.32662377456416,-46.382947424422696,-17.25203012864833,-48.9068528215644,-48.61109243042697,17.163696002378714,-46.331486832221614,-46.49756418055846,17.08706740661674,-48.56428676430731,-48.909413337168694,-16.97012468186974,-46.39154795612149,-46.385540420241014,17.06606537773139,-48.703135976201565,-48.72027766133971,-17.221114286028282,-46.522833472608994,-46.49726581091927
-16.983070035971146,-49.84874954872713,-49.96423411942615,17.08163968808543,-36.81146701544177,-36.94949608907497,-16.99058145860912,-49.80361626162842,-49.99817075301175,17.052445109019814,-36.823807659977376,-36.77576692057038,17.131736334805026,-49.81743418079552,-49.8609420050924,-17.051751933707166,-36.802662505149044,-36.945829589501734,17.12171427859505,-49.894738904789634,-49.87870742640699,-16.856664823074958,-36.781559791569684,-36.860645599254916
-12.320162950920334,-49.7902934679976,-49.851994872255496,12.487530898021205,-29.801611210624102,-29.775109577028502,-12.353015348574331,-49.69875778822198,-49.98831292191183,12.602070748373563,-29.756208559221697,-29.84773131669551,12.550429666676308,-49.75721486242283,-49.752880818969494,-12.164202508988282,-29.842308512123246,-29.83890432318171,12.467642199617046,-49.75873169764601,-49.70883141601779,-12.1954283847123,-29.740028295086987,-29.812706001183095
-3.903001330153174,-49.66957436303417,-49.67698507576138,4.058902186828732,-28.912632477636578,-28.82188503802552,-3.9136917733406875,-49.67480933543372,-49.42595751124385,3.886330852302976,-28.978084568716476,-28.95055286529724,3.828283335973296,-49.443314970396735,-49.614405044718794,-3.757855748635933,-28.884268757051146,-28.83163111482982,3.9304874055895453,-49.72204089774283,-49.46393154502604,-3.9509557555336414,-29.014523943620972,-29.025423157216125
6.316181436519145,-49.58183249493507,-49.52530673627129,-6.49910867715856,-35.14445513153789,-35.30611808589967,6.438191942627427,-49.5454139448711,-49.414921569898,-6.554720199489509,-35.15183372574187,-35.214609783628326,-6.426500456892697,-49.69126419215381,-49.44982257253283,6.27174672343655,-35.214695287400005,-35.15247357298279,-6.487952322931875,-49.577953090119344,-49.54016526224905,6.39551841955128,-35.1744117202681,-35.2447061655801
13.606878609534178,-48.33571284501478,-48.382246932050855,-13.343771255554955,-44.905756401244545,-44.8975850011586,13.54263996879601,-48.34255900484213,-48.24739785029959,-13.565781000175662,-44.87841291498556,-44.877557957480306,-13.609042159767938,-48.319108819965734,-48.43035538489399,13.453632111863683,-44.779620587442146,-45.00474079498481,-13.412865161800937,-48.40740926280972,-48.303287703201356,13.534997721416644,-44.86891911895433,-44.807301277856666
16.281895683456654,-40.94640966660503,-40.888295674709305,-16.481385900024712,-49.76388454364546,-49.63793099426093,16.205137651657864,-40.820796937933636,-40.999541061305806,-16.34142392048941,-49.75196960760912,-49.90119971441563,-16.461246697955076,-40.825084927932515,-40.797481882992294,16.32788311417525,-49.85447202850649,-49.81706304874125,-16.5148724645095,-40.636909048929006,-40.718280283920606,16.413207735565976,-49.72147189143666,-49.73304539043741
13.482969569586189,-32.58989880458278,-32.55748967555617,-13.090670549441398,-50.13003416026028,-49.96464525692396,13.48973763075324,-32.58263078882428,-32.5542317771149,-12.998306083559427,-49.98488099802027,-50.10983785909225,-13.071011188488768,-32.57395990752059,-32.54156822055041,13.700061698327971,-50.23933634104431,-50.134747633936314,-13.032990241531124,-32.326961810814986,-32.502232092806295,13.686638275688992,-50.218933144302994,-49.95689989143688
5.738620296698912,-29.792625728099253,-29.698429311659645,-5.305739937119341,-49.895611055343515,-49.811708390910724,5.7215231705739455,-29.9368620496941,-29.75891582652133,-5.4717954641836855,-49.87589350458752,-49.83799566501884,-5.41769539351516,-29.77566320497767,-29.853336150841074,5.775328238744322,-49.87765583775345,-49.9481343103362,-5.40055593889376,-29.800073999253996,-29.804802863437885,5.709203547916687,-49.90907238623018,-49.859613223580055
-5.005121579069481,-35.304991967516685,-35.35774548001533,4.567932783261909,-50.109859476207504,-50.34988755972736,-5.042208558603733,-35.1779145078191,-35.28402531758857,4.543038952067235,-50.16973244085537,-50.20095149974124,4.601217319312951,-35.39093111205448,-35.423831889394684,-5.1846402715395925,-50.067768990607725,-50.16216738506667,4.643472130693013,-35.31266891033329,-35.368651333705685,-5.159235081750197,-50.2042375280174,-50.14428145631291
-12.929978268152865,-43.96838466175308,-43.904885972080315,12.742697234602957,-50.54770924290138,-50.48434868570348,-12.86484083703317,-43.938976566778436,-43.96258483391996,12.915266275022702,-50.59196477339849,-50.541664259867616,12.783504366125229,-43.93844899371943,-43.8900282446815,-12.881872495154198,-50.5300403934716,-50.34188141760683,12.734989303264328,-43.874790260974834,-44.06728096495562,-12.902009650600206,-50.53449126380358,-50.492122227319
-17.374835773815285,-49.20551647908021,-49.22793921469136,17.309405071637528,-45.41507763695613,-45.51215144976584,-17.43695724708168,-49.43208052591942,-49.157962897500866,17.294906725549694,-45.4128034562327,-45.608392519499034,17.23712906112381,-49.10102489906001,-49.47052020011531,-17.15540136485925,-45.50767530702416,-45.54481185550563,17.21211580678127,-49.2450144634606,-49.25323341951978,-17.38203906233013,-45.67132614733949,-45.62120776921819
-16.4352289031334,-49.876369303483756,-49.988690587798956,16.573734614468364,-36.060950597184984,-36.1618227945983,-16.449763718011823,-49.804529569434976,-50.07674864867057,16.569491941113696,-36.0530375382707,-35.99425946931409,16.65024423534237,-49.84959274029825,-49.86702055581243,-16.51886691147741,-36.04227435266214,-36.16602018974323,16.630305455804276,-49.9165429722144,-49.91100449980571,-16.3265843907296,-35.97502784374506,-36.06026995770713
-11.364765763967569,-49.784658395844176,-49.85311296908259,11.568324604537267,-29.659303604102803,-29.63246707677434,-11.391709697811109,-49.706605326739115,-49.934547545739065,11.667113662407289,-29.62038014463583,-29.71801786737133,11.608018253386504,-49.723005066101095,-49.755887883458385,-11.19210505255083,-29.70782198256115,-29.698264089375044,11.542587423271641,-49.76704769951891,-49.68334331223651,-11.240586330049808,-29.629959930156808,-29.695999911894468
-2.5095794486072975,-49.627554333394244,-49.60940733083132,2.617622875998336,-29.827742945555272,-29.738295726056272,-2.511797159295341,-49.63228204933425,-49.35669487891501,2.398590372260344,-29.89887517684953,-29.84536486906015,2.372418411403629,-49.404010166615485,-49.54470535205108,-2.398154254628011,-29.792038110175028,-29.710000374789388,2.478115743720764,-49.6956462335239,-49.42454987466497,-2.5903236678937844,-29.91158005283804,-29.934432773366538
7.49782928336964,-49.60394190692847,-49.58193316336327,-7.633413295867257,-36.59747562473121,-36.808268763654354,7.632854026331998,-49.56939515185351,-49.44229221591167,-7.660984121143713,-36.57098740291908,-36.658553381312814,-7.50764556764895,-49.7674266441157,-49.517967001396926,7.403482798024513,-36.66939875630328,-36.64015890251789,-7.5458903174149015,-49.62187402577598,-49.602640650845416,7.591367961606267,-36.62529069614432,-36.679381942011474
14.214475388848427,-47.77423645554466,-47.800089649885464,-13.98048006696365,-46.14765171003831,-46.07979828506572,14.11953181393956,-47.776865993096195,-47.71417560053724,-14.18471904572894,-46.144834209890405,-46.1466281826809,-14.2658810528536,-47.71303105886449,-47.846181880678884,14.070999113532594,-46.02331057026897,-46.25220595439791,-14.101076607213031,-47.81014564127782,-47.700405344297856,14.141151183715138,-46.09717357010692,-46.057185185287686
16.137388166499832,-39.889660758470875,-39.839421175424164,-16.314669166951262,-49.961623256515026,-49.83864685944165,16.06828257726427,-39.752609006631104,-39.94481394333298,-16.14986968477818,-49.92339221975888,-50.08935679887678,-16.273381426405933,-39.77799941250423,-39.72677044060632,16.213639529837963,-50.07860790917018,-49.998319840310245,-16.312753136670125,-39.53329859798029,-39.6523130998634,16.30393899406772,-49.92964534224292,-49.90759631661746
12.711860090974241,-32.00696221207456,-31.962634699149618,-12.241430798162057,-50.11120556177395,-49.93437867398813,12.722455745827247,-32.03539969648574,-31.963677867919678,-12.178230122687253,-49.96901255322298,-50.07276389104847,-12.237782894629532,-31.9947672412168,-31.979242458423954,12.929540316734517,-50.20957443741621,-50.12018465786754,-12.200334044656401,-31.77881325479907,-31.940953442437696,12.905349071236387,-50.20056152887767,-49.93892133036917
4.352378686760858,-30.345480041088443,-30.260980459240308,-3.9965319851749825,-49.871733463562656,-49.836274258710134,4.311111528742501,-30.460630497268042,-30.303994795640733,-4.202006836896501,-49.871840577602704,-49.83303207427221,-4.126601510276117,-30.324725144244304,-30.416041122052242,4.334801731120692,-49.83475999908936,-49.92424908240096,-4.09711045933318,-30.365874860231308,-30.349515828348032,4.26704943142299,-49.88515443674166,-49.85464662399894
-6.282015750858548,-36.518214815139395,-36.5864195705661,5.7599698662266405,-50.228742550464546,-50.444541503599254,-6.279380064081195,-36.3626837731027,-36.51979472860112,5.817921219604855,-50.27850826902133,-50.317162824349055,5.841353777329175,-36.62320540257475,-36.61011597529487,-6.4273488196747195,-50.19938696196005,-50.25004524452585,5.870210749586889,-36.4919321962927,-36.59833897385647,-6.35972959646692,-50.3199985529033,-50.24150714573882
-13.665735962552205,-45.113677803698586,-45.02957934676584,13.572812500530233,-50.33823049586634,-50.25632854709861,-13.631906770294918,-45.135526486562185,-45.07498616956049,13.702116696516967,-50.375925758537406,-50.343412754746566,13.569123100848017,-45.04264123038948,-45.07245588572041,-13.618901362647335,-50.31544358291461,-50.11739089477939,13.528756601760506,-45.04073525357257,-45.20422022204996,-13.714084514374477,-50.333955027783546,-50.293783962409144
-17.53119728243768,-49.46096912020028,-49.52215753111567,17.447850673287334,-44.311934191298185,-44.443441906852144,-17.57683349035463,-49.67468270750549,-49.44025964999769,17.42779101279814,-44.30944036107284,-44.49938257282876,17.393355473895852,-49.37290779718134,-49.73183927874561,-17.325529427764835,-44.41259779898039,-44.491241573594685,17.374137135130425,-49.51804736298932,-49.51577363126536,-17.48929580339299,-44.58284639439575,-44.53153656359031
-15.938081355412692,-49.87429051192009,-49.97506134003113,16.09962339318561,-35.11748264651653,-35.18652451494868,-15.96097174339154,-49.775485511821245,-50.11092700806121,16.118327905878076,-35.09586549342989,-35.03648822820882,16.19319614705209,-49.85290171721458,-49.839161317383116,-16.019209507730153,-35.09337862836122,-35.193866443318385,16.159614529079917,-49.9016686360075,-49.90144265981995,-15.83979156255154,-34.984837281655864,-35.08183953485109
-10.414576351108579,-49.77320230445676,-49.84286441392166,10.639465669560707,-29.356132633971953,-29.32592875518356,-10.435608249656184,-49.71135570225931,-49.86541655812297,10.716125102184947,-29.329499917863195,-29.428669202503627,10.647231583440501,-49.68559408000047,-49.75149714440981,-10.22661324031911,-29.406825386840616,-29.39172146720005,10.601490275871214,-49.766518350034104,-49.65140506845164,-10.298574786808615,-29.362869749634065,-29.41933630417467
-1.148931963885687,-49.596160271334114,-49.553744334837766,1.1900724233370994,-30.553171165673895,-30.475021885621274,-1.1405354461751358,-49.59722755970997,-49.31090203140436,0.9439372003821092,-30.63012679846984,-30.562729316456547,0.9456285817965124,-49.38777227336501,-49.486914550074815,-1.0641347801332444,-30.517115047113585,-30.417886238127096,1.044161780423778,-49.664981461809774,-49.39961200859129,-1.2412115695770893,-30.622700766937562,-30.657089143165443
8.575503934566214,-49.61860702451237,-49.6315296822859,-8.653891103005108,-37.88646360451471,-38.11458841265567,8.70626410547662,-49.58801071891392,-49.46112195770466,-8.680125254684,-37.82970594142932,-37.92941847755175,-8.526889222045398,-49.80766685893853,-49.58562402930079,8.447242186844491,-37.93874210979476,-37.95071545164824,-8.519736598545805,-49.65772964363978,-49.64540655758466,8.663743597471608,-37.91222987455024,-37.933636614300724
14.757609427170834,-47.07806457484185,-47.08126699539402,-14.580606074087584,-47.08497031139722,-46.97420680158666,14.645952137572195,-47.073861346453185,-47.04304127814643,-14.753188408281332,-47.10141572488308,-47.11004328096574,-14.856445254980017,-46.98355039302982,-47.119112587479044,14.63197303937693,-46.97642938543259,-47.18926200698431,-14.734234742285068,-47.07485579252003,-46.96965520175901,14.695989152381586,-47.025474437524615,-47.00923437264892
15.968018609387116,-38.75145694897472,-38.70991155500867,-16.094600429374246,-50.06854078454138,-49.94714252109016,15.910053108110816,-38.6093908146425,-38.80043121224319,-15.914105589717963,-50.0046409903059,-50.18268706923125,-16.037211170817898,-38.65227166053123,-38.58481883466141,16.075122347173505,-50.2030842872925,-50.09083352260434,-16.061815821581447,-38.36648786194732,-38.51799788784916,16.160171897986217,-50.05451596589161,-49.991227652600685
11.91660734464054,-31.375283385145693,-31.318482352502343,-11.393681121884967,-50.08438755418592,-49.90267540290577,11.931700915085898,-31.439186507889943,-31.329158145474224,-11.358921908280792,-49.95088590203389,-50.03096975984423,-11.404761270022561,-31.36723728142465,-31.368150573665638,12.129077531719844,-50.16926464983541,-50.101344812262525,-11.37177812002298,-31.18785735170607,-31.332134790484105,12.093231435606697,-50.16969239876556,-49.921297819178406
2.9701278672578724,-30.859809938863435,-30.789335547487724,-2.714177021179026,-49.85655250849153,-49.87637916163129,2.906996139761162,-30.943672280661616,-30.812527802555238,-2.946828002433378,-49.876342520614585,-49.83953870656744,-2.8537289388221154,-30.841335618888472,-30.94404352140927,2.89688398302782,-49.8028961982039,-49.912435658666496,-2.813203118638569,-30.89473929953472,-30.86025257989079,2.8278053633483466,-49.87378650538032,-49.85968358636198
-7.457100305198736,-37.58752552168288,-37.658733631085035,6.886228716188413,-50.352475439894334,-50.53213950325976,-7.417797798576004,-37.41960175503716,-37.61426270689678,7.019051754950198,-50.39581970997038,-50.429573254630704,7.007309558348055,-37.702939559768325,-37.642330159862695,-7.559645439918597,-50.33587349013265,-50.3425798589317,7.014847691702542,-37.5303986036698,-37.681959827897295,-7.45904313283441,-50.431291785094146,-50.34691380090368
-14.361040481246349,-46.04143123327682,-45.94299717514792,14.339733331308963,-49.99753452741673,-49.91023184308155,-14.360820845582296,-46.115093729037945,-45.9756251274999,14.42866411772954,-50.02806204351327,-50.01971436234706,14.299510874772665,-45.93752882883433,-46.04528594191655,-14.303507814565833,-49.976226859848055,-49.78358501047562,14.26434135151591,-45.99024240705403,-46.122176777336904,-14.472688697826428,-50.01246715483158,-49.97429047119423
-17.606461499774447,-49.62617508452678,-49.7201002838063,17.532483272058613,-43.091080812447196,-43.25083697215348,-17.63541146128472,-49.81000066293971,-49.62862563569678,17.504029165290063,-43.09161114281602,-43.254560794932964,17.495728073728372,-49.54871303385045,-49.87718935198608,-17.436415003635865,-43.18758089764262,-43.30170639197901,17.48527050826253,-49.69426329264998,-49.68176902476168,-17.519705511544657,-43.349451094982314,-43.30832968465776
-15.399257062953083,-49.86280514250517,-49.95108319147943,15.573182516981362,-34.139806255588695,-34.179890788053086,-15.430075566079012,-49.74455106462388,-50.12606646936014,15.61624216765162,-34.105432802231384,-34.058520323347885,15.678239564507749,-49.84614583291743,-49.808961079030496,-15.459884660792213,-34.11746986805924,-34.192497162005964,15.62919654094297,-49.876291354227945,-49.87732601439352,-15.306146664875143,-33.97659583361401,-34.08204121550027
-9.387284355524415,-49.75855187999571,-49.82597962931624,9.628644273633228,-29.095515702643254,-29.059186600592817,-9.403129637077981,-49.71340058326554,-49.786163503746074,9.673633870040248,-29.08441715503271,-29.176047020248646,9.597781776581243,-49.64313774336356,-49.74088957631315,-9.19195317382217,-29.14211776127957,-29.121336332777958,9.576479317282022,-49.76438807016572,-49.61671283349989,-9.288684680810206,-29.13555343759065,-29.182076595105414
0.24464097394499618,-49.570625171178925,-49.50599131425773,-0.27720947986685474,-31.319838495097407,-31.26676910723713,0.26844121735486226,-49.5646123291982,-49.286113490760286,-0.5285846386984048,-31.39951122574501,-31.332137791854308,-0.4981347527326818,-49.39414375082989,-49.43563162522495,0.3047386326654191,-31.293593848772453,-31.183914943841692,-0.42103418964399,-49.63041943288006,-49.386982409399664,0.16034149124497787,-31.375741269642575,-31.425088415885185
9.606499337032943,-49.60437254732929,-49.648645905529705,-9.612461904696389,-39.22796750626961,-39.447898938749795,9.717372358931541,-49.57917524321222,-49.450549272239314,-9.662089955503347,-39.14891592884001,-39.24793148968149,-9.527168034317896,-49.7933376001926,-49.6252419736353,9.452735067994666,-39.24533769507991,-39.30540196358128,-9.460094222909632,-49.66498656379173,-49.64697321829564,9.672704849169648,-39.248947154948105,-39.2319729135624
15.228223008878544,-46.253961807534296,-46.23569169379442,-15.131265449020802,-47.875576286797084,-47.73551698047821,15.109640669636576,-46.237056856679686,-46.24252724367055,-15.25705864240183,-47.904776247193645,-47.928428562920026,-15.37309220625707,-46.13677247785716,-46.258340064557835,15.124752258296766,-47.794132939586405,-47.97548188237477,-15.29833124500989,-46.20392847232185,-46.113633339685606,15.190503762483203,-47.81001242658003,-47.81671652189334
15.720877523397007,-37.61041782259506,-37.577891466804104,-15.770233207871442,-50.13171790577482,-50.0072570934574,15.674683348734405,-37.47227928733008,-37.647169315120244,-15.586454284906836,-50.042989934637205,-50.22654262205655,-15.706632797008055,-37.52561473923687,-37.44948191144157,15.85698765347206,-50.2757634172675,-50.140987804223535,-15.713787385604064,-37.213039342945564,-37.38959071233193,15.931618102377158,-50.13923694686756,-50.02882790661713
11.039652375887059,-30.82513431939305,-30.755768892312553,-10.48292290059149,-50.053999798280614,-49.87203356009657,11.05732639933099,-30.920954272563016,-30.779435059617676,-10.478098632465716,-49.93363237644003,-49.98938884919205,-10.509525363756822,-30.818914953348667,-30.835467203531984,11.240223796355465,-50.12407458196248,-50.07922975414981,-10.482334166369526,-30.677595416170668,-30.80148942823233,11.194917357848468,-50.13055010049645,-49.905686678604305
1.551710278142636,-31.489709569342097,-31.438366079625027,-1.411289884287413,-49.85403432273242,-49.93351527193089,1.4696513096440356,-31.535945443661916,-31.436548454739523,-1.6567764875714204,-49.890978065771776,-49.862058685587996,-1.5506520933562626,-31.478813708377203,-31.590018011038424,1.425280358326873,-49.78761680252307,-49.91412495011508,-1.498619182627067,-31.53529371546012,-31.489655597948335,1.3575553934844464,-49.88139211832655,-49.87480823589335
-8.569902813509017,-38.69459204049846,-38.75900500055381,7.990186186239299,-50.47698294245777,-50.61113864472411,-8.49902021995041,-38.52522974563374,-38.74183604679247,8.18212765969244,-50.51634288042579,-50.537678167183316,8.135868235799194,-38.809410079921484,-38.70687669244414,-8.628941686149219,-50.469995625468684,-50.43082630895808,8.121987401807331,-38.60988665752515,-38.799416713233455,-8.505340573191688,-50.536969991472006,-50.45361958232323
-15.025957440126888,-46.861343513480705,-46.7596208899192,15.047275264591107,-49.52041625052833,-49.44157876646924,-15.05732731704937,-46.98502341290949,-46.77663722920159,15.102202967172929,-49.54203021819058,-49.569782941470024,14.979617671581451,-46.73467117085813,-46.9202027991222,-14.946636948151962,-49.50894301429629,-49.33476218439299,14.94743000532425,-46.83107265374511,-46.93245917475682,-15.180875324118375,-49.56757463155057,-49.5289554852218
-17.58563740513273,-49.739832595478504,-49.85914289029945,17.540176758799603,-41.81125891581962,-41.98873756163217,-17.600031893052815,-49.883223595021356,-49.76743044722939,17.504163481856423,-41.81532771552422,-41.93641994441813,17.52260390821833,-49.67058644500783,-49.95460219655531,-17.467117763872963,-41.893733275694615,-42.03420700553334,17.520587453367597,-49.814903398743326,-49.79462587418088,-17.466325120889657,-42.03431449964379,-42.010185964983094
-14.800610459063563,-49.84796915141647,-49.92608739752878,14.980541511900753,-33.189589974798395,-33.20550905627781,-14.837325845902342,-49.720322214959474,-50.125452436272724,15.047561619044515,-33.143911643789515,-33.12058652165989,15.091008447947956,-49.833506937589945,-49.78519221661057,-14.825629300564316,-33.176199476258276,-33.226482930547675,15.027312035148384,-49.84900865972364,-49.846285200428284,-14.706936603755679,-33.01594551286226,-33.12401477253649
-8.274420545863876,-49.74054868056575,-49.80179955312076,8.525811619856867,-28.946398118690283,-28.90080366830506,-8.286437348403538,-49.71107464531549,-49.700638339776845,8.529459431174246,-28.95231941789767,-29.026427939540454,8.45158334253614,-49.596088526972316,-49.722468890828594,-8.081439703295047,-28.98261008765234,-28.954585749660858,8.458530445545478,-49.761052987966835,-49.5802894710429,-8.203030500253803,-29.012790611202703,-29.050187875052693
1.6541817804877041,-49.55300303460742,-49.47157943911213,-1.7548408960113733,-32.16384932421022,-32.151373405004975,1.6989142670186794,-49.53752284165249,-49.28401327993849,-1.9858465079745855,-32.24098833971989,-32.18905211442717,-1.9254683112597917,-49.426805667933166,-49.3964638314321,1.6894898192057468,-32.15831496473267,-32.04539183168553,-1.88330989395007,-49.596793850840356,-49.39034326154825,1.5968764109013023,-32.2078086537277,-32.27477647665994
10.587240818089654,-49.534016808456755,-49.60059453274748,-10.510857079882541,-40.63033855267025,-40.81821472743963,10.664181394435488,-49.51499304793198,-49.386808141968544,-10.601746912913924,-40.5420276964784,-40.62821708110584,-10.50093768461312,-49.698681030781074,-49.60057120754067,10.416314197021634,-40.60450215908987,-40.71583476099781,-10.372583236070241,-49.61187533791845,-49.5778825204884,10.619720397333992,-40.64219288422855,-40.590924071268034
15.607238029401657,-45.31683270520657,-45.280976863485265,-15.601491205962645,-48.53327320963453,-48.37786017372748,15.489220391243904,-45.28108637588982,-45.32719340161707,-15.670262743542779,-48.567044954688555,-48.6129085762512,-15.792758469891282,-45.18696885572511,-45.28170937796849,15.529433485999988,-48.48730974789943,-48.625167805590166,-15.7623343006329,-45.21218112069383,-45.1469159285011,15.603330973590474,-48.464138762840236,-48.4893045537773
15.380659670900243,-36.508351956187816,-36.48306791173092,-15.332916623444575,-50.16494326082592,-50.0326884842454,15.345877690607338,-36.38383745929704,-36.528608682239465,-15.157771073823483,-50.0540099714149,-50.236087028102276,-15.272253484675616,-36.43854339937709,-36.36157724313194,15.54252258242623,-50.31110473389692,-50.163779558059005,-15.261615290159583,-36.11449994217815,-36.30706915079126,15.603103900235425,-50.19506592507477,-50.03642659495833
10.064361965121819,-30.41162321347563,-30.33098270592319,-9.492013375397448,-50.02130366362119,-49.84456239625517,10.08130687130982,-30.5324609343104,-30.367992770739548,-9.520010375972234,-49.91758048465698,-49.949909152168175,-9.535850277046535,-30.404280246066442,-30.435433106316758,10.245558242629286,-50.07525408615369,-50.05347705633953,-9.513841367984,-30.300479047385267,-30.402234532386373,10.193530817071547,-50.08559205775569,-49.89163393046116
0.1067388954187578,-32.26039613016669,-32.232934894423764,-0.09222342278432905,-49.86877779818012,-50.006767768727904,0.01282334099801119,-32.2635087136468,-32.20218775660759,-0.3313389855324118,-49.91855844548171,-49.90352768567184,-0.2191421674313574,-32.2628684611986,-32.37722176730712,-0.06457849623043899,-49.79513711165697,-49.93201992297364,-0.15611368440420392,-32.310426942883716,-32.264215084268926,-0.12523431490707537,-49.91222567524953,-49.90211303850293
-9.619773645847346,-39.87406712222203,-39.92282083315337,9.073608621155188,-50.5905195421108,-50.674690154108276,-9.526091999640784,-39.71393038099347,-39.93140862576606,9.30224520013563,-50.62822665566573,-50.633205161336626,9.224618209380267,-39.97539638470329,-39.845510495526334,-9.641558328594243,-50.58824708452908,-50.50343963431436,9.193737033436236,-39.76835260236768,-39.98480346914764,-9.509779349753515,-50.62872961206912,-50.55076175454325
-15.65068057557393,-47.5824007181272,-47.4902361665762,15.681492656885254,-48.907427732481146,-48.85105612273568,-15.707109471588907,-47.75158789514699,-47.49023502869055,15.711511057043907,-48.9194303694445,-48.99337466712043,15.597361456288468,-47.44549693106665,-47.70286105969024,-15.538093165365225,-48.91501054246974,-48.77181580577997,15.56551041553594,-47.57162906330822,-47.646170260898494,-15.820880360927674,-49.000125589304986,-48.957775955498235
-17.471630799255728,-49.81512772831656,-49.95040009314663,17.467128950931382,-40.53424818797477,-40.71584686519439,-17.476079630236597,-49.91232996333517,-49.87279994824994,17.427283071677465,-40.54037024080645,-40.61239381399909,17.470195889864556,-49.75356078046238,-49.9840703942581,-17.41175509028819,-40.59567429839679,-40.75154640691039,17.47376331536509,-49.89263739937684,-49.86882130072161,-17.33546755213588,-40.7034563136998,-40.70052069927315
-14.152242930194674,-49.83263122714446,-49.90418897884179,14.335572789893433,-32.30628688895312,-32.30443333721441,-14.191814901726843,-49.70524668062257,-50.109332769479806,14.42294744134891,-32.252690203833296,-32.25916661252361,14.444431144586446,-49.816484445370406,-49.76975344958038,-14.132671250502739,-32.30678852014233,-32.33581263185007,14.369506930275932,-49.8239985085567,-49.81210343259788,-14.0529400658137,-32.141954947940164,-32.24695642966128
-7.105078100438561,-49.71935275016813,-49.77013745381887,7.355487413183383,-28.928724745315456,-28.871405336602237,-7.114771186500548,-49.703272246206154,-49.614330818723595,7.31081420997053,-28.95147414423775,-29.00020401033693,7.236338855202888,-49.54717920327248,-49.69575897196782,-6.922918376975446,-28.949761058017494,-28.91225101490157,7.272534777484168,-49.75531427460582,-49.54341442890618,-7.068210131241884,-29.012459653162544,-29.04233495251337
3.0265548512670364,-49.54650413077093,-49.457660057608955,-3.1776631543218343,-33.056813818848966,-33.09669219598903,3.095942817656862,-49.52140359034735,-49.30316244230154,-3.3657604800907137,-33.12444638272985,-33.10069741628572,-3.2761914420472493,-49.48490725678745,-49.377992305511185,3.0359309530906984,-33.078975201500924,-32.9707987621838,-3.275206581915313,-49.57215789751737,-49.41258832120454,3.009277368381973,-33.092021824944155,-33.17504556645433
11.495416245507556,-49.37923537156275,-49.45559186366771,-11.339880295227374,-42.01311585272981,-42.15109282684945,11.529948940211213,-49.36675880167161,-49.24378148798455,-11.478054951981107,-41.93002962007748,-41.99490610918095,-11.42121937653829,-49.50145854041822,-49.47560607726972,11.31643243787525,-41.94514246340225,-42.10414066181506,-11.244655423758047,-49.46591743228859,-49.41028773739332,11.490763882777841,-42.0118721380156,-41.938623134927816
15.883270236961579,-44.289545554734815,-44.24139368710713,-15.963149258635084,-49.04589113990494,-48.88795184758034,15.771049081399937,-44.230808330039714,-44.31879816731455,-15.971724183470812,-49.07558421069324,-49.14794898721672,-16.09666417342296,-44.1551499288112,-44.216107080029495,15.834358536504837,-49.03960664693296,-49.12737330332511,-16.10118467913845,-44.12549889116005,-44.09374651837634,15.918570065710327,-48.976120829402554,-49.011859559836196
14.952150215823494,-35.46483705682019,-35.44313795311505,-14.798972788782038,-50.17573254928619,-50.032720087834306,14.928067624861256,-35.36248015121739,-35.46686537963213,-14.641262956809456,-50.04712924464446,-50.22149874436185,-14.747322110081939,-35.4093818706494,-35.338588143451936,15.135558360665627,-50.31789950432133,-50.168298368842976,-14.721775235396365,-35.088754967977806,-35.2880816928369,15.179398828520462,-50.22700591187018,-50.02500091039383
8.995897046757264,-30.150956484347383,-30.061738465586473,-8.427667266254659,-49.98710868126972,-49.8227728933458,9.008064046697285,-30.287825016644128,-30.109573789598286,-8.491897523336533,-49.902721863502435,-49.913654052070086,-8.490525167493587,-30.14023247690801,-30.18503234725231,9.149616006836297,-50.023431249169235,-50.02447192409421,-8.471683704556696,-30.072414899695858,-30.15045386456928,9.093060085595823,-50.037490197251365,-49.87870157494493
-1.3316648857986877,-33.131117631326276,-33.13030124742986,1.215845562535847,-49.904671441943776,-50.092361025441875,-1.425883129161221,-33.08940389891039,-33.07139752235278,1.0061812575355589,-49.96187721924462,-49.9645079273938,1.1154565385086102,-33.152548951560725,-33.26139234303653,-1.5331592786875206,-49.83046793032991,-49.96813007673825,1.1861304199854317,-33.178159227552065,-33.144452439345656,-1.5784799781083336,-49.96716441438684,-49.943988120784255
-10.595436438480363,-41.08781094597228,-41.1131059483093,10.120520789868948,-50.67446631829185,-50.709875650753034,-10.491341383296003,-40.94857573176705,-41.14198430729211,10.360680310648675,-50.71257025852858,-50.700599022099,10.257621391075276,-41.16324136384947,-41.02777750872401,-10.590265189773959,-50.67179687282811,-50.545595513016366,10.216010062584473,-40.97118163978658,-41.200288344292396,-10.470475835620292,-50.692049944028724,-50.62201391167464
-16.214863886170242,-48.187244411539496,-48.11666005522396,16.22645545862565,-48.16787397878868,-48.14526940347129,-16.28630075416349,-48.393366802135375,-48.09977090664684,16.240521486149305,-48.17128264942095,-48.29404543670658,16.136734986688396,-48.05240874219432,-48.368304108150085,-16.061966351186364,-48.20120219254131,-48.09941601285184,16.103592577415682,-48.19438225435381,-48.24709997304474,-16.370299225951292,-48.3144703424603,-48.26567093815942
-17.277446121300436,-49.85996336014496,-50.00093887583448,17.318636499762334,-39.307655518498365,-39.47986875207987,-17.27783760499903,-49.90940793271639,-49.95288256543721,17.280447061205365,-39.31326716818289,-39.337321430824346,17.342955357893885,-49.80644364954139,-49.97945714582427,-17.273542986249474,-39.34490634521178,-39.50505175577718,17.347557765427837,-49.93460271053401,-49.91198719670174,-17.13880945110973,-39.41109505254521,-39.431426737911515
-13.469030569912064,-49.818382952110994,-49.88683453305237,13.656054610400787,-31.513751815965314,-31.500404083044003,-13.508293933342074,-49.698608134866774,-50.07921100853369,13.757453300333395,-31.456989106094063,-31.493867494428287,13.756143906588107,-49.79605341974916,-49.76148500222507,-13.403048881947058,-31.529851958254383,-31.542542457687127,13.675283926231543,-49.80342163126193,-49.777448212473026,-13.361305659600177,-31.374088846952667,-31.47182059613769
-5.914162280322813,-49.69578676718537,-49.73220436042136,6.149237594775684,-29.038248611299593,-28.96856931685344,-5.922512330131582,-49.68998968171922,-49.5327241060629,6.053526216111763,-29.076381939430007,-29.095734652246684,5.987371475074795,-49.50004240423813,-49.6618197766735,-5.748525532696064,-29.041962290668536,-28.992935975122634,6.050500424208991,-49.74606065468072,-49.507634366359085,-5.914531363461094,-29.130428060402586,-29.15497183753046
4.316690368194799,-49.55206474308372,-49.46729311685004,-4.494383698378314,-33.968191050574724,-34.06417716175416,4.410906686651344,-49.51953184037902,-49.337063487407676,-4.628284388391364,-34.01875675665644,-34.02934909969755,-4.512591744013619,-49.56061760268729,-49.385315409030156,4.298567590535654,-34.017689936299874,-33.9216604936922,-4.547573291442248,-49.56352592855127,-49.45237103354107,4.342159489031374,-33.99826045909977,-34.090381713018985
12.315595019080831,-49.12169515261229,-49.19569829660041,-12.09878813993953,-43.29319478159393,-43.373008028153464,12.306813009353405,-49.11559151878237,-49.002764501399284,-12.277846773376638,-43.22645862337558,-43.2675733976527,-12.266566149019852,-49.19264889426304,-49.22999668422412,12.137021376010381,-43.19205769541389,-43.3888420289618,-12.063381028969985,-49.20728305685179,-49.12970394958589,12.278468258732573,-43.277005798628075,-43.1970349560231
16.060148305784438,-43.19858350005997,-43.14351589052155,-16.205550675140273,-49.419977224815995,-49.26842711696444,15.956948358037579,-43.115676688476356,-43.24249768923791,-16.15701830390035,-49.43813857627551,-49.5381795779891,-16.282334961290168,-43.065378319343196,-43.091540815011484,16.042638082765322,-49.45302675537088,-49.48997814771749,-16.310035792250005,-42.97505659396047,-42.98226393009149,16.135160459330308,-49.35342094980082,-49.38952116384151
14.44964214541939,-34.4857349964865,-34.46323341336475,-14.19446351974618,-50.170739371252004,-50.01630798968538,14.435497654211844,-34.412089035421765,-34.47059772998451,-14.059260023759435,-50.030185258168075,-50.191656796317694,-14.154737702625766,-34.44338129660582,-34.38388361689318,14.64971294976445,-50.304542021237936,-50.161883096661214,-14.119171190369187,-34.13872120108456,-34.33657106363192,14.675319167898536,-50.23949787903113,-50.00387840039145
7.852709070194365,-30.036413179985693,-29.942334046511093,-7.309924776706595,-49.952759499818924,-49.80939648425104,7.855854680029736,-30.179708197804956,-29.99650456169291,-7.412930515514546,-49.889562545589186,-49.88200655309626,-7.392760691988457,-30.021383050876537,-30.07911690377952,7.970818087662806,-49.970133058741055,-49.993976780811934,-7.374395760758659,-29.98726217009999,-30.04032844827355,7.911019718348143,-49.989567450620086,-49.86727648714309
